./2022-12/wasm/generichash.wasm
86880730000
86634650000
86103090000
86805615000
86839315000
86167925000
86636535000
86105985000
86755330000
90231440000
86144655000
86628080000
86485925000
86566040000
86152815000
86678930000
86805380000
86624810000
86059475000
86723695000
86119845000
86806105000
87489145000
86631020000
86767960000
86082195000
86834235000
86623710000
86130070000
86600115000
86746930000
86565455000
86569165000
86122810000
86665260000
86728275000
86667015000
86657460000
86581620000
86684260000
86545570000
86719845000
86112550000
86830130000
86545720000
86852220000
86495645000
88737260000
86246860000
86602485000
86680350000
88142490000
86610840000
86352220000
86497645000
86709115000
86809040000
86360580000
86066460000
86732580000
86761885000
86516010000
86325000000
86544560000
86566785000
86564205000
86781720000
86050160000
87027275000
86195795000
86089135000
86593420000
86541255000
86997575000
86633185000
86746575000
86461055000
86552820000
86711840000
86687700000
86154455000
86033445000
86163115000
86217015000
86719465000
86083440000
86080605000
86537255000
86582255000
86110880000
86606120000
86602380000
86591215000
86590215000
87045300000
86680880000
86531520000
86638915000
86582435000
86593030000
./2022-12/wasm/generichash2.wasm
5836045000
5848965000
5837690000
5858040000
5830910000
5844385000
5855785000
5848925000
5845500000
5848120000
5837265000
5956935000
5846340000
5846505000
5837920000
6017810000
5842765000
5860315000
5854615000
5846170000
5861475000
5846105000
5855810000
5865025000
5846420000
5858110000
5840035000
5838795000
5856680000
5873965000
5845170000
5837265000
5855745000
5856275000
5854875000
5831860000
5857890000
5848545000
5867390000
5835135000
5865330000
5852035000
5837780000
5858980000
5872930000
5848040000
5855630000
5862810000
5832980000
5869190000
5850095000
5866705000
5860400000
5861565000
5856625000
5854060000
5849170000
5869975000
5864405000
5850565000
5863365000
5957760000
5861525000
5851140000
5860535000
5879615000
5850000000
5861775000
5877045000
5856305000
5845065000
5844290000
5827045000
5840435000
5850235000
5838290000
5851400000
5879985000
5861910000
5856425000
5844920000
5840110000
5888620000
5849230000
5846090000
5857015000
5869175000
5856205000
5855930000
5841045000
5858950000
5845060000
5862810000
5852010000
5857580000
5857595000
5865670000
5857145000
5861310000
5870795000
./2022-12/wasm/generichash3.wasm
5909315000
5955830000
5919200000
5943835000
5930185000
5919565000
5926440000
5928005000
5945160000
5931350000
5926325000
5937550000
5930985000
5914560000
5911250000
5907790000
5931540000
5938385000
5920350000
5935190000
5926720000
5898525000
5915865000
5941150000
5922500000
5935220000
5938310000
5921950000
5908590000
5932905000
5925410000
5916625000
5932495000
5930305000
5932555000
5928710000
5950705000
5926930000
5918385000
5925070000
5920155000
5927830000
5918910000
5929795000
5947210000
5909260000
5915525000
5935510000
5943145000
6088445000
5925615000
5932390000
5942140000
5939010000
5926540000
5911560000
5954045000
5919500000
5949550000
5913880000
6007670000
5919125000
5924630000
5909105000
5917655000
5923430000
6078225000
5923915000
5921980000
5931525000
5932120000
5920775000
5908160000
5930495000
6032680000
5931550000
5935660000
5943200000
5948740000
6032890000
5940245000
5942160000
5938115000
5924730000
5942105000
5924880000
5917080000
5931975000
5925100000
5927825000
5922430000
5923020000
5924185000
5913355000
5945825000
5906645000
5928210000
5931525000
5919790000
5919910000
