./2022-12/wasm/hash.wasm
13955000
11965000
12025000
12055000
11940000
11970000
12040000
12010000
11980000
12010000
11960000
11955000
11990000
11975000
11990000
11995000
11995000
11950000
11975000
12045000
11995000
12025000
12010000
11985000
11975000
12630000
12020000
12055000
11975000
12040000
12930000
11955000
12770000
11975000
12085000
12040000
11980000
12040000
12000000
12895000
12095000
12000000
11990000
12040000
12000000
11980000
12645000
11985000
11965000
12025000
12030000
12015000
11960000
11985000
11980000
11995000
12880000
11960000
12000000
12045000
12890000
12050000
13045000
11970000
12005000
11960000
12060000
12010000
11960000
12010000
11985000
12030000
12070000
12020000
11985000
11990000
12040000
11990000
11975000
12085000
12005000
12080000
12130000
12880000
12010000
12420000
12135000
14435000
11995000
12520000
11980000
12570000
11950000
11980000
11960000
11975000
12105000
11975000
11975000
11990000
