./2022-12/wasm/metamorphic.wasm
30083115000
30092995000
30327015000
30061030000
30090225000
30096345000
30053040000
30052690000
30338115000
30256605000
30086920000
30073255000
30063050000
30054665000
30079040000
30106485000
30055405000
30083755000
30067840000
30070070000
30097495000
30052055000
30071460000
30081230000
30022370000
30719890000
30113245000
30250930000
30052610000
30053430000
30054505000
30059495000
30087800000
30083535000
30240395000
30047410000
30057475000
30114895000
30040475000
30049985000
30054810000
30048925000
30043465000
30088455000
30040365000
30016075000
30029915000
30065310000
30044745000
30060135000
30087485000
30090155000
30074255000
30058065000
30200705000
30128535000
30208750000
30076020000
30051060000
30051570000
30028385000
30051895000
30017570000
30036080000
30069675000
30045500000
30100200000
30076940000
30056215000
30073270000
30062550000
30067695000
30025485000
30027285000
30251305000
30049900000
30092675000
30047400000
30055605000
30235755000
30094670000
30044695000
30064510000
30059060000
30082660000
30069285000
30055940000
30116185000
30071615000
30085590000
30062880000
30034750000
30079425000
30060275000
30056470000
30094315000
30085365000
30175270000
30060330000
30043740000
