./2022-12/wasm/auth.wasm
100650000
86780000
88370000
93430000
109110000
86480000
88750000
87260000
83885000
88375000
93730000
89560000
142355000
82665000
83265000
92165000
93825000
86850000
96970000
84170000
109660000
83475000
134110000
89900000
82845000
87840000
85765000
87440000
83775000
87100000
83425000
86620000
83490000
88345000
83545000
81320000
82520000
89105000
105170000
85980000
106015000
86175000
112605000
100575000
88820000
103470000
95665000
121015000
98250000
93355000
88285000
87385000
90755000
97000000
92115000
93475000
95300000
134235000
83785000
82720000
83060000
94695000
103965000
90100000
109705000
94175000
88380000
97450000
90440000
90585000
85525000
102765000
110970000
82870000
85805000
82570000
113425000
148010000
95470000
85445000
96525000
87495000
102605000
83795000
82850000
96400000
84360000
85135000
88340000
84430000
83735000
125025000
140590000
83000000
87785000
110460000
82110000
86055000
99575000
102060000
./2022-12/wasm/auth2.wasm
8585000
29605000
6590000
3465000
3500000
3620000
7665000
9015000
7370000
8385000
8410000
3445000
3490000
6620000
5715000
3520000
3460000
5680000
3675000
3430000
3480000
3450000
3550000
3475000
8200000
3495000
3445000
8425000
3465000
3495000
3610000
6380000
5455000
30370000
6240000
6645000
35585000
3465000
6700000
3455000
3460000
30255000
3545000
3470000
8140000
3455000
29870000
3510000
6825000
33835000
6735000
6265000
7965000
3475000
3575000
6990000
3455000
3440000
6725000
3435000
3560000
3450000
6715000
3490000
3455000
3435000
3460000
3440000
6515000
7795000
6585000
3435000
3505000
6710000
5720000
3535000
6170000
29880000
6010000
3600000
7300000
3525000
7910000
3455000
3465000
7320000
28150000
3680000
6595000
3860000
3445000
3475000
3435000
30865000
3700000
31260000
5780000
3565000
3485000
9120000
./2022-12/wasm/auth3.wasm
8020000
7580000
7090000
6990000
8595000
7700000
8785000
7240000
16735000
7770000
8470000
14405000
11595000
8455000
7895000
7050000
7375000
13135000
9830000
12520000
10395000
7175000
7095000
15690000
14920000
10670000
8145000
7050000
8170000
7855000
13815000
13230000
7035000
7135000
8780000
7910000
7210000
7820000
8130000
9140000
11555000
11880000
7930000
9030000
8750000
13640000
7110000
9165000
7030000
7340000
8645000
11770000
14660000
10365000
8365000
16565000
14660000
23240000
12125000
7320000
13935000
7335000
8200000
7480000
11655000
9465000
7515000
16780000
7130000
11300000
8650000
7330000
7195000
9105000
7285000
10520000
7225000
7985000
7330000
7410000
8410000
12190000
12855000
9930000
7295000
8370000
7055000
8865000
8350000
11890000
7610000
7120000
7080000
7855000
9405000
8300000
7015000
10475000
10715000
7820000
./2022-12/wasm/auth5.wasm
19561170000
19561190000
19593445000
19632410000
19848360000
19685545000
19513995000
19745410000
20847665000
19432220000
19776085000
19461210000
19859260000
19604105000
19573145000
19782770000
19680655000
19628375000
19546325000
19429995000
19426430000
19873760000
19576550000
19516885000
19780210000
19698205000
19581245000
19700265000
19652710000
19482040000
19623900000
19585380000
19818495000
19474380000
19662660000
19379425000
19412485000
19534535000
19566370000
19553675000
19435060000
19495570000
19487210000
19631125000
19608410000
19839740000
19593995000
19481995000
19544580000
20005570000
19541680000
19503275000
19617635000
19670725000
19854810000
19983370000
19529140000
19762460000
19653815000
19757205000
19419585000
19565135000
19477710000
19873055000
19595095000
20808370000
19492660000
19987765000
19622280000
19724700000
19636060000
19592550000
19563820000
19642065000
19677750000
19534365000
19653215000
19622535000
19580550000
20027515000
19602325000
19708140000
19759235000
19803675000
19600965000
19759285000
19467740000
19887670000
19373745000
19711260000
19504395000
19571665000
19815140000
19352940000
19568560000
19852810000
19592700000
19393305000
19719560000
19519965000
./2022-12/wasm/auth6.wasm
5590000
5570000
5485000
10645000
7705000
5515000
5570000
5420000
5805000
10675000
35610000
5425000
5415000
9415000
5575000
5465000
5435000
5420000
5570000
5430000
10730000
5470000
5580000
13690000
5465000
10365000
5475000
5570000
10655000
5420000
10675000
5560000
5435000
10280000
5425000
5490000
36710000
11240000
5515000
12560000
5910000
34265000
5860000
5510000
8785000
10680000
5460000
5580000
5485000
5455000
5415000
5465000
30555000
7540000
5445000
5450000
10650000
5495000
5590000
5460000
5560000
31405000
5575000
5435000
10635000
5515000
5520000
8800000
9290000
36135000
10210000
10900000
38515000
7900000
10910000
6075000
9600000
5445000
6570000
5480000
9665000
5785000
5580000
5440000
5480000
5670000
5410000
8560000
5420000
10795000
5490000
9005000
5470000
5725000
5495000
5500000
10980000
5480000
10835000
10805000
./2022-12/wasm/auth7.wasm
10932180000
10833925000
11164125000
10885590000
10792505000
10874270000
10803905000
10852195000
10968210000
10767295000
10696630000
10733165000
10901450000
10707705000
10878520000
10778580000
10858710000
10875125000
10731240000
10878280000
10878215000
10866130000
10895770000
10867945000
10885560000
11145395000
10614495000
10809780000
11112040000
10638280000
10820060000
10721715000
10752895000
11183325000
10854790000
10765480000
11028965000
10796815000
10917805000
10840815000
10845605000
11130505000
10891910000
11069075000
10710625000
10723435000
10745610000
10823030000
11125635000
10953505000
10770890000
10773040000
10807620000
10848985000
10699425000
10777775000
10910630000
10841885000
10859165000
11382355000
11010920000
10790890000
11180205000
10819680000
10672245000
10963445000
10819345000
11109810000
10892735000
10980740000
11032460000
10782545000
10876630000
10748600000
10925745000
10809115000
10923945000
10735515000
10683100000
10878500000
10571705000
10867970000
10728955000
10821395000
10962085000
10914110000
10949315000
10769870000
11023580000
10946425000
10814420000
10861630000
11067255000
11136365000
11018925000
10938065000
10817330000
11018385000
10975235000
10902325000
