./2022-12/wasm/hash.wasm
30435000
14425000
25920000
17015000
7415000
18280000
28835000
17535000
20080000
22400000
16940000
30210000
30155000
28870000
32785000
30945000
33605000
30820000
19895000
17390000
23590000
20700000
20155000
31915000
18170000
18880000
19660000
29415000
17650000
17730000
22170000
19225000
29250000
22520000
27695000
31470000
21150000
29635000
24875000
17305000
20585000
33915000
19080000
30350000
30205000
19885000
21250000
42490000
32215000
18725000
21085000
27435000
20660000
20110000
30570000
18720000
30170000
18815000
21335000
30195000
19300000
17900000
23065000
19360000
21385000
28250000
28720000
21950000
16425000
18030000
20065000
23615000
28690000
18395000
30670000
17150000
16470000
19310000
29390000
19320000
20685000
18305000
30170000
30455000
30545000
18275000
30115000
31545000
20420000
19720000
18025000
31050000
32965000
17215000
30420000
21125000
32165000
30460000
16195000
25470000
