./2022-12/wasm/aead_aegis128l.wasm
34831040000
34723585000
34754325000
34728165000
35020610000
34742110000
34769470000
34734375000
34769465000
34818530000
34802385000
34759985000
34766995000
34840160000
35713075000
36059885000
34764525000
34718540000
34725170000
34744800000
34686670000
34757600000
35259270000
34731315000
34745555000
34701960000
34757240000
34767375000
34721035000
34796585000
34790140000
37570670000
35289480000
34757605000
34771200000
34697135000
34675595000
34709185000
35196470000
34837945000
34723065000
34756490000
34719640000
34733185000
34763665000
34720380000
34681645000
35521305000
40499060000
34743020000
34784640000
34859375000
34778660000
34686105000
34764640000
34755515000
34805270000
34766725000
34757480000
34746175000
34724515000
34697795000
34706555000
34765860000
39417450000
39760505000
36948530000
35665825000
34992670000
34731325000
34704970000
34750425000
34767755000
34724045000
34756460000
34761755000
34775125000
34776395000
34741800000
34686055000
34772705000
34710370000
34796935000
34722450000
34738830000
34746865000
34735060000
34762525000
34771185000
34701015000
34811345000
34751985000
34763110000
34741875000
34775590000
34731150000
34708480000
34787245000
34864560000
34762145000
./2022-12/wasm/aead_aegis256.wasm
38462245000
38451755000
38411400000
38507650000
38433270000
38444800000
38405960000
38377495000
38388095000
38445225000
38531810000
38502975000
38391070000
38430885000
38440105000
38459735000
38499210000
38486440000
38520750000
38424965000
38421930000
40098140000
38482725000
38426615000
38485135000
38568035000
38462035000
38492845000
38479300000
38466850000
38461295000
38451670000
38409885000
38433450000
38428425000
38442390000
38385725000
38500630000
38475955000
38410660000
38459840000
38493295000
38410075000
38502985000
38467135000
38408135000
38473920000
38376880000
38390390000
38410260000
38616320000
38400620000
39551935000
38468750000
38451775000
38485360000
38411425000
38466540000
38464085000
38475325000
38425370000
38430860000
38422310000
38404650000
38505965000
38423450000
38499285000
38471795000
38469990000
38401800000
38463955000
38444185000
38532720000
38431515000
38436875000
38515665000
38494035000
38486710000
38435060000
38473940000
38497185000
38492435000
38412580000
38418695000
38475330000
38433710000
38411685000
38427895000
38455695000
38477545000
38463605000
38451505000
38464630000
38472215000
38501040000
38408380000
38476180000
38498860000
38448765000
38413220000
./2022-12/wasm/aead_chacha20poly1305.wasm
481835000
482385000
483235000
481250000
486300000
481460000
489890000
480340000
484985000
479735000
486750000
483990000
479220000
481950000
493145000
479250000
481305000
484710000
480495000
483025000
478620000
482930000
481725000
478540000
480500000
481235000
482305000
481630000
481875000
478215000
482675000
482150000
483160000
479095000
488155000
481835000
487525000
482465000
483315000
483100000
481925000
480985000
484770000
484370000
480905000
478930000
488405000
487925000
478825000
492980000
478375000
482830000
483470000
479495000
481970000
480130000
481615000
480920000
482410000
482065000
481390000
484700000
478165000
481910000
487035000
483270000
480840000
483560000
485635000
486665000
480410000
482155000
479750000
485270000
480110000
480740000
480300000
484885000
483755000
479455000
478760000
483675000
482250000
483315000
484970000
480695000
479485000
479050000
478875000
481590000
484415000
480210000
542850000
483010000
483140000
481120000
481355000
485655000
482005000
480145000
./2022-12/wasm/aead_chacha20poly13052.wasm
921270000
918795000
917835000
921020000
920510000
919550000
928025000
918600000
930815000
920455000
926455000
922595000
932555000
918920000
919745000
918920000
922840000
920395000
936930000
915315000
1760210000
919295000
913540000
917110000
924390000
919360000
920745000
932670000
921410000
918405000
920005000
918545000
930955000
924635000
920785000
928645000
919670000
920760000
928765000
2771405000
924560000
918140000
918910000
918960000
919640000
914535000
919805000
915035000
918355000
919485000
919835000
918495000
914755000
920750000
920235000
926145000
922930000
920950000
922085000
933525000
923845000
1006785000
1171785000
917820000
921715000
918520000
917455000
924145000
920395000
922390000
936245000
926075000
927300000
923360000
919835000
929775000
916020000
928875000
919455000
918075000
999305000
915945000
931885000
925150000
918055000
924270000
920860000
918350000
918680000
918675000
1965700000
919425000
919645000
918545000
923955000
918115000
921965000
1854125000
916835000
917600000
./2022-12/wasm/aead_xchacha20poly1305.wasm
482985000
483670000
481195000
485215000
480140000
487365000
486465000
484175000
516900000
486630000
491445000
479295000
483885000
480960000
478720000
479115000
488920000
481305000
478690000
487890000
479540000
479460000
482380000
490570000
479965000
481750000
483100000
482445000
483870000
484215000
478660000
479480000
479630000
480255000
479265000
481015000
491205000
482040000
484220000
479790000
479265000
481425000
483460000
480545000
488095000
480935000
483080000
485605000
481055000
492585000
486930000
482080000
479400000
494175000
481095000
479020000
480640000
482595000
488840000
480615000
480770000
486820000
485355000
480685000
480345000
480975000
480755000
488110000
488895000
485225000
484555000
487890000
480310000
479570000
478860000
481145000
481630000
484915000
480335000
488945000
484695000
494765000
481230000
488820000
487005000
479665000
478485000
485225000
482840000
488665000
481280000
486280000
482470000
480230000
481005000
480375000
480800000
493425000
480505000
483005000
