./2022-12/wasm/kx.wasm
452837505000
454969810000
455219895000
453305250000
454290940000
456220335000
454699085000
453770720000
454660250000
456345665000
452709420000
452763375000
454094395000
453244660000
454775380000
454296895000
454364845000
454258180000
453064165000
453269750000
454567965000
454213550000
453511365000
451591775000
453428580000
454393810000
455168170000
454862770000
452351760000
454727930000
454269180000
455481065000
453026465000
454176815000
452970660000
455044555000
454356080000
454059720000
452679405000
453719405000
452345690000
453472630000
452861940000
453865500000
453182750000
452770195000
454530150000
457645565000
453742670000
452592220000
452528215000
452112420000
461528815000
451472760000
453103820000
452803075000
453866290000
454074275000
454139600000
454423020000
453044375000
453854645000
454079185000
453048760000
454239725000
454302950000
453532940000
452762855000
454796215000
454609150000
454984940000
454428435000
453778060000
453374865000
452676540000
453750515000
452727735000
453234420000
453558650000
453370140000
452005470000
454874890000
455167660000
453877705000
452386735000
453545040000
454466135000
452098665000
452457435000
452248505000
452575155000
454470000000
454184115000
455125525000
453981875000
453921550000
452492625000
452819080000
454016685000
454071400000
