./2022-12/wasm/kdf.wasm
84540000
84775000
84590000
84160000
85540000
84475000
84995000
84420000
84635000
84560000
84585000
84785000
84760000
84720000
84380000
85750000
83425000
84505000
84985000
84655000
84900000
83775000
84965000
86925000
83425000
84600000
83890000
85710000
83670000
84605000
84775000
83735000
85350000
85370000
84380000
84345000
85535000
84625000
83245000
84240000
86000000
84670000
83835000
84645000
84065000
85420000
83495000
85425000
83945000
85075000
83960000
84325000
85925000
84220000
85165000
83690000
84865000
85230000
85155000
84710000
84370000
88470000
83800000
85315000
84070000
84830000
84475000
82995000
85315000
86045000
84350000
84705000
85770000
84960000
84760000
84405000
83710000
102925000
84730000
84990000
84785000
84595000
84660000
84385000
84680000
84585000
84270000
88860000
84415000
85035000
83835000
86630000
84730000
84710000
84785000
85315000
84180000
86950000
85355000
84305000
./2022-12/wasm/kdf_hkdf.wasm
4014995000
4013465000
4011450000
4022680000
4015640000
4019110000
4021525000
4013455000
4024345000
4013815000
4011650000
4017290000
4026875000
4018840000
4022050000
4018170000
4010555000
4018710000
4018310000
4020320000
4013160000
4013435000
4015890000
4007575000
4022230000
4012430000
4014270000
4015045000
4011655000
4023285000
4017055000
4008785000
4007100000
4019485000
4014900000
4010870000
4015925000
4013365000
4011880000
4017570000
4028065000
4021925000
4013650000
4014845000
4017215000
4020045000
4005395000
4030975000
4020675000
4012660000
4012875000
4019450000
4011230000
4023905000
4007470000
4014780000
4012390000
4009470000
4012060000
4009050000
4010895000
4016565000
4019230000
4016530000
4011865000
4012825000
4007095000
4008570000
4009475000
4023190000
4017570000
4023165000
4019590000
4013170000
4018465000
4012815000
4008735000
4007920000
4014660000
4017820000
4027290000
4013545000
4010835000
4012105000
4034905000
4017415000
4003185000
4013105000
4013955000
4013010000
4007660000
4017675000
4014635000
4023380000
4018390000
4013050000
4020040000
4025265000
4018995000
4018645000
