./2022-12/wasm/hash.wasm
651155000
649925000
649870000
656485000
651485000
646790000
646930000
649125000
654615000
651865000
684005000
654660000
654745000
657690000
647745000
660575000
646740000
651655000
655430000
663295000
651540000
655070000
664765000
648000000
656090000
647110000
655165000
651290000
653915000
686600000
652020000
647520000
652170000
663075000
646805000
661045000
655135000
651390000
658960000
651645000
659915000
655945000
655590000
657825000
652780000
648880000
667510000
650805000
653890000
654645000
657760000
655650000
647600000
651275000
654245000
650775000
654730000
651595000
651785000
655825000
657505000
646875000
651915000
647320000
656245000
649630000
659755000
661305000
648760000
680610000
657635000
649130000
647945000
656015000
650800000
654075000
745540000
665110000
651275000
656930000
649010000
651495000
650860000
655510000
654520000
656260000
662795000
653860000
660155000
656925000
654970000
656280000
653455000
651105000
647500000
665140000
655855000
651255000
661345000
649595000
