./2022-12/wasm/hash.wasm
5610000
5465000
5465000
5500000
6155000
5470000
5465000
5490000
5470000
5460000
5465000
5465000
5490000
5465000
5510000
5470000
5465000
5475000
5470000
6285000
5485000
5460000
5465000
5470000
5470000
5465000
5475000
5475000
5465000
7505000
5470000
5470000
5460000
5475000
5545000
5460000
5465000
5465000
5460000
6805000
5465000
5465000
5470000
5675000
5470000
5460000
6060000
5470000
5460000
5470000
5470000
5475000
5475000
6115000
5480000
5490000
5480000
5465000
5475000
5460000
5465000
5475000
6015000
5465000
5475000
5465000
5470000
5465000
5465000
5475000
5475000
5515000
5485000
5460000
7010000
5470000
5460000
5485000
5465000
5475000
5480000
5475000
5470000
5475000
5465000
5715000
5460000
5540000
5470000
5505000
6305000
5520000
5470000
8785000
5465000
5575000
5485000
5505000
5475000
5480000
