./2022-12/wasm/hash.wasm
18185000
17815000
18540000
18395000
18320000
17890000
18035000
18960000
17925000
17945000
18005000
18420000
17880000
17930000
18290000
17950000
17880000
17980000
17920000
19020000
17895000
17900000
18005000
17915000
21455000
19015000
17920000
18425000
17895000
18000000
17985000
18335000
17930000
18765000
17925000
17995000
19260000
17940000
17885000
18210000
17905000
17985000
18665000
18150000
18205000
18050000
18350000
17855000
20355000
17995000
17920000
17830000
18050000
18030000
19355000
17970000
19480000
18170000
17810000
18145000
17970000
17960000
19155000
18005000
18200000
17935000
18005000
19205000
18115000
17965000
17885000
19045000
18075000
18765000
17890000
19675000
18055000
18985000
17930000
17930000
17970000
19845000
18325000
17900000
17885000
17860000
18765000
17935000
17910000
18295000
17935000
19320000
17940000
18015000
19060000
17845000
17870000
18045000
20775000
17880000
