./2022-12/wasm/pwhash_argon2i.wasm
391685935000
371089895000
371105100000
370989815000
371444515000
371217925000
373558085000
373940845000
372442595000
373111270000
371730400000
371962625000
370928040000
373489225000
371044400000
374437585000
373771360000
372996565000
370516035000
374956320000
373673815000
373428840000
373112695000
370534315000
374024580000
373527680000
372606835000
373603985000
372122240000
371182025000
376930245000
371109955000
374156295000
372588805000
370436255000
370814125000
374825955000
375709890000
373662560000
373051400000
370954720000
373539495000
373597210000
372112840000
374403885000
373851070000
371507150000
370965985000
370686860000
371959810000
370842485000
371231475000
371534575000
371425685000
371083805000
394862040000
385792155000
395089625000
371641360000
370929090000
371725640000
373398985000
373776680000
372883350000
370883795000
392683885000
389150715000
