./2022-12/wasm/aead_aegis128l.wasm
10600060000
10601810000
10599480000
10568010000
10591730000
10597135000
10594695000
10600350000
10597840000
10605125000
10594870000
11012990000
11401230000
10613990000
10621835000
10605700000
10619490000
10599535000
10580360000
10601650000
10583905000
10601800000
10587235000
10606355000
10595560000
10599070000
10679285000
10591430000
10621925000
10606235000
10601075000
10596440000
10593360000
10641020000
10581160000
10603540000
10624380000
10610910000
10843600000
10584810000
10591800000
10609240000
10598370000
10637560000
10601290000
10597225000
10587155000
10585550000
10575695000
10603230000
10594430000
10622780000
10632495000
10598175000
10651400000
10587740000
10583500000
10621005000
10616075000
10571500000
10600940000
10600965000
10598115000
10619415000
10591375000
10594210000
10593965000
10619840000
10577765000
10596305000
10594400000
10580410000
10615460000
10594875000
10604150000
10583035000
10583730000
10583370000
10618305000
10594350000
10589110000
10614925000
10599025000
10591815000
10849135000
10575635000
10617260000
10607310000
10593390000
10599495000
10589115000
10614510000
10590750000
10600200000
10579425000
10609110000
10605320000
10569610000
10606910000
10690135000
./2022-12/wasm/aead_aegis256.wasm
11709075000
11724215000
11745630000
11712610000
11703265000
11714170000
11724480000
11714320000
11727090000
11714955000
11725715000
11708385000
11729495000
11720265000
11724775000
11740805000
11721060000
11727295000
11740130000
11725395000
11693790000
11755500000
11733400000
11749285000
11714830000
11735075000
11717920000
11747255000
11731740000
11715635000
11723725000
11719655000
11749360000
11734665000
11710625000
12913880000
11734045000
11752975000
11724365000
11721355000
11728645000
11718350000
11733360000
11715460000
11745480000
11737985000
11767060000
11722090000
11729150000
11711815000
11725930000
11728345000
11721800000
11722340000
11709490000
11741215000
11702965000
11730680000
11720930000
11734690000
11718915000
11714955000
11715235000
11709950000
11718060000
11749595000
11721550000
11722590000
11699550000
11745675000
11727480000
11789385000
11723545000
11715070000
11743565000
11736870000
11975350000
11743930000
11724855000
11749535000
11725110000
11713810000
11723135000
11705230000
11722420000
11722110000
11734720000
11745960000
11731535000
11725455000
11708735000
11731835000
12076020000
11764910000
11736795000
11733020000
11791835000
11767395000
11740360000
11711570000
./2022-12/wasm/aead_chacha20poly1305.wasm
182355000
184590000
183005000
183690000
186275000
185110000
185000000
186895000
184805000
183050000
182645000
183695000
185670000
186255000
184230000
189625000
185520000
181780000
190565000
183585000
185425000
184380000
184115000
185480000
184800000
186910000
183755000
185300000
184225000
185735000
187885000
184395000
187965000
186020000
183955000
183675000
184070000
184920000
187010000
186330000
185195000
186090000
185700000
182760000
186455000
184800000
182030000
185520000
185385000
195150000
183780000
183970000
186795000
185790000
196335000
184325000
184440000
184975000
188855000
186040000
187465000
186770000
184155000
185885000
184940000
185470000
187145000
184775000
185855000
186240000
185490000
190845000
184010000
183455000
185460000
184605000
184890000
185855000
184640000
183535000
187170000
184445000
188305000
188960000
198520000
185940000
201545000
185120000
184825000
183980000
182510000
183960000
187575000
183295000
185230000
187035000
185775000
185265000
184305000
186565000
./2022-12/wasm/aead_chacha20poly13052.wasm
396820000
399775000
393960000
392080000
393180000
393130000
395970000
399845000
392870000
397645000
392395000
399900000
394295000
391815000
395710000
391290000
398695000
393685000
391630000
396090000
394500000
392640000
396920000
394500000
392110000
394285000
398325000
394070000
393045000
393225000
394370000
394380000
392490000
390955000
393340000
393285000
394190000
395820000
391075000
393930000
393785000
398600000
462330000
393990000
391890000
392630000
400680000
391905000
391695000
398705000
392270000
399385000
395395000
391610000
392310000
395630000
398525000
392680000
393365000
393495000
391890000
395250000
391635000
393940000
393580000
392030000
393530000
396740000
391805000
398030000
392000000
393265000
394240000
391805000
392025000
394710000
392120000
393340000
392175000
396645000
392605000
391910000
394770000
391975000
391340000
393000000
392520000
413885000
392845000
394240000
392140000
393265000
391555000
392135000
394480000
392045000
392360000
395270000
392185000
394740000
./2022-12/wasm/aead_xchacha20poly1305.wasm
191115000
186305000
178980000
177330000
180120000
177045000
179690000
177385000
181845000
177830000
177030000
177305000
178930000
185985000
181130000
178205000
178010000
180475000
178155000
177460000
180305000
179035000
183870000
179855000
177340000
180340000
180220000
177220000
180170000
177295000
184685000
178805000
178055000
179435000
177280000
178525000
179300000
177375000
179055000
183410000
177890000
180645000
177505000
184220000
177795000
177815000
179260000
178740000
179920000
178420000
177710000
177925000
178940000
177255000
179355000
178150000
177455000
180645000
178165000
177595000
177365000
177870000
179280000
177525000
177440000
178160000
184445000
180360000
179045000
178510000
177505000
178800000
178175000
178590000
178095000
178110000
179810000
177965000
179075000
178005000
177935000
177755000
177980000
180080000
177235000
180700000
178975000
177665000
178570000
179665000
177500000
179340000
178030000
188285000
179435000
179235000
180300000
177335000
177495000
180310000
