./2022-12/wasm/kx.wasm
11175260000
11180085000
11170470000
12594255000
11169915000
11186280000
11186185000
11149920000
11164030000
12211620000
11186405000
11167650000
11167290000
11206545000
11173270000
12227585000
11161520000
11157305000
11167495000
11192870000
12213120000
11168285000
11154855000
11175345000
11182440000
11184440000
11175245000
11169745000
11250605000
11196260000
11179150000
11163540000
11159240000
11208160000
11166780000
11164445000
11160505000
12215615000
11177555000
11173285000
11160420000
11163275000
11148170000
11194190000
11163155000
11145950000
11161350000
11177725000
11191750000
11402555000
11160325000
12208475000
12225510000
11172710000
11172880000
11175845000
11171145000
11185325000
11176905000
11167490000
11169300000
12209465000
11163915000
11164050000
11176725000
11158940000
11176005000
11173785000
12224735000
11161860000
11227285000
12209610000
11174775000
11152965000
11175390000
11151015000
11161870000
11148485000
11158070000
11194700000
11179350000
11185300000
11183280000
11162800000
11146895000
11169925000
11152725000
11155950000
11178325000
11155915000
11180550000
11154645000
11175510000
11172315000
11175615000
11149420000
11165090000
11148565000
11148015000
11165770000
