./2022-12/wasm/aead_aegis128l.wasm
21479955000
21465935000
21462845000
21443425000
21537115000
21467470000
21490660000
21489580000
21472955000
21476360000
21467655000
21506340000
21462260000
21453550000
21497715000
21466220000
21452320000
21942885000
21605210000
21841330000
21471420000
21501360000
21533470000
21591915000
23301325000
32742805000
24123680000
28619430000
22965965000
25297055000
25129570000
27925325000
23544460000
25936305000
24265690000
23459015000
23847330000
21745045000
21500225000
21474570000
21446145000
21501075000
21488945000
21530750000
21518605000
21461610000
21462115000
21496245000
21502005000
21488945000
21461380000
21490005000
21471730000
21468865000
21476875000
21488525000
21495160000
22339945000
21479435000
21476280000
21483630000
21522705000
21477955000
21451280000
21455270000
21498795000
21431290000
21483915000
21446735000
21470560000
21469175000
21615240000
21487340000
21504860000
21491655000
21463185000
21490835000
21481350000
21494065000
21463815000
21472180000
21496570000
21497170000
21471960000
21472910000
21509675000
21485680000
21492920000
23043295000
21458630000
21501850000
21476205000
21491905000
21486480000
21474990000
21459370000
21511190000
21449025000
22221875000
22273790000
./2022-12/wasm/aead_aegis256.wasm
23740550000
23735960000
23750535000
23713185000
23735790000
23777500000
23740530000
23761665000
24757040000
23771960000
23722970000
23753580000
23733885000
23748600000
23766135000
23941835000
23713980000
23714880000
23769455000
23759840000
23778600000
23767905000
23755645000
23703090000
23734205000
23754305000
23769700000
23759395000
23724650000
23713255000
23753050000
23713700000
23711075000
23761205000
23728485000
23753030000
23738660000
23691705000
23757360000
23741940000
23774880000
23744410000
23705970000
23734765000
23736795000
23760005000
23710625000
23754300000
24283385000
23795470000
23769540000
23698220000
23757780000
23724040000
23741800000
23739645000
23719235000
23710515000
23762000000
23764075000
23835380000
23727050000
23692550000
23712855000
23746260000
25035825000
23938465000
23729180000
23759135000
23803580000
23747260000
23782575000
23727910000
23747290000
23790740000
23744680000
23736460000
23702255000
23766820000
23719325000
23766235000
23738110000
23722430000
23732970000
23730130000
23859545000
23739970000
23726980000
23700225000
23699570000
23733765000
23705245000
23720660000
23776415000
23752715000
23747390000
23722030000
23746900000
23785295000
23751475000
./2022-12/wasm/aead_chacha20poly1305.wasm
507490000
509905000
514045000
509525000
525685000
509795000
510125000
510995000
509240000
508295000
508905000
509170000
508125000
509280000
509580000
509610000
515785000
508950000
508920000
509840000
513155000
509755000
511120000
509300000
517655000
517035000
557180000
510545000
517140000
509250000
509260000
509985000
508670000
508695000
512645000
511410000
506625000
510700000
510040000
509965000
510390000
510035000
513340000
510025000
507870000
508050000
508720000
508785000
507245000
512900000
509610000
511220000
508865000
514500000
509405000
510070000
509340000
515370000
510105000
518685000
510005000
510495000
510085000
510235000
514805000
506365000
509965000
508230000
512200000
510040000
512215000
512885000
509235000
509390000
511650000
511750000
510215000
510720000
570650000
508675000
507690000
510060000
509185000
511790000
511320000
509765000
513705000
507870000
507810000
509895000
518455000
510110000
510090000
506670000
509530000
509090000
507960000
508930000
511165000
508965000
./2022-12/wasm/aead_chacha20poly13052.wasm
1085645000
904440000
935915000
990085000
852605000
804710000
813825000
806880000
804515000
798880000
799685000
803065000
803165000
800690000
801080000
799525000
801835000
810990000
799310000
802360000
807475000
801095000
802875000
801325000
801840000
800030000
800925000
800515000
815930000
803805000
799240000
807030000
800850000
801625000
806180000
800155000
800350000
800705000
802590000
802410000
800580000
800190000
806450000
799775000
801095000
806660000
801775000
798375000
807955000
799445000
807565000
814385000
803765000
800580000
799110000
803560000
810585000
800070000
800130000
807705000
800480000
802510000
803335000
803455000
799890000
801355000
800385000
802210000
802925000
798485000
807190000
802750000
800460000
808495000
802060000
802445000
806230000
805350000
800145000
800160000
799915000
806595000
800430000
803095000
807980000
802875000
799390000
806985000
800055000
801435000
805520000
801870000
802080000
799605000
806170000
800995000
805655000
800070000
814380000
798755000
./2022-12/wasm/aead_xchacha20poly1305.wasm
492700000
487370000
488820000
488785000
488165000
487310000
489600000
490050000
490830000
487145000
491890000
487245000
497310000
490185000
489960000
490075000
487800000
494850000
489280000
492045000
488655000
489490000
488345000
494885000
489645000
488405000
489120000
488300000
490735000
488490000
490605000
489035000
488375000
487605000
490175000
487640000
487830000
489200000
494610000
488065000
487365000
489080000
487860000
489860000
490590000
491935000
489330000
487570000
491720000
487290000
490205000
487780000
489245000
488680000
489095000
489065000
489655000
487990000
487755000
494980000
487840000
487600000
491805000
487340000
490685000
497025000
488020000
490070000
494255000
494420000
488090000
488570000
495705000
489235000
489455000
489465000
494695000
490210000
487830000
490385000
494035000
489160000
487495000
489780000
487830000
489780000
487430000
489550000
488185000
495085000
491785000
487545000
492875000
488135000
487340000
489745000
488790000
488095000
488970000
487080000
