./2022-12/wasm/onetimeauth7.wasm
26080505000
25947770000
25966435000
25905360000
25956095000
25948680000
25965845000
26034565000
25980485000
25947615000
25897950000
25934150000
25918745000
25957685000
25955860000
25971835000
25953850000
25912215000
25966115000
26044180000
25936630000
25923700000
25953060000
25945675000
25947690000
25969055000
25945205000
25969650000
25943575000
25921265000
26009975000
25961610000
25953575000
26009225000
25941910000
25939065000
25915430000
25924660000
25935005000
25949815000
25945690000
26789760000
25948005000
25943190000
25934270000
25924750000
25936220000
26139715000
25936950000
25918725000
25955205000
25926825000
25908275000
25954985000
25899735000
25924965000
25903655000
25938990000
25943565000
25934830000
25943045000
25927700000
25932730000
25931595000
25944480000
25966990000
25922895000
25933485000
25907155000
25938640000
25912215000
25914440000
25954230000
25952810000
25965235000
25906435000
25988900000
25925535000
25929185000
25930185000
25933065000
25935635000
25939070000
25964990000
25947250000
25919055000
25954115000
25948970000
25992170000
25894995000
25917975000
25944060000
25943400000
25923340000
25923660000
25923135000
25932665000
25930720000
25926975000
25947175000
