./2022-12/wasm/hash.wasm
9980000
9855000
9445000
9385000
9350000
10265000
10080000
9165000
9035000
9420000
8975000
11720000
9475000
9480000
9470000
9405000
8865000
9020000
8990000
9500000
9355000
9375000
9210000
8920000
9580000
9465000
9380000
9365000
9430000
8640000
9495000
8835000
11220000
9460000
9405000
9575000
9675000
10430000
9510000
9395000
9125000
9655000
9400000
10160000
9420000
8885000
9475000
9575000
11590000
9390000
9080000
9630000
9640000
10080000
8525000
9615000
9420000
11130000
9110000
9600000
9940000
8720000
10025000
8535000
9595000
8725000
8755000
8670000
8720000
8675000
8170000
8650000
9630000
8895000
9790000
9665000
11525000
9710000
8660000
8760000
8715000
10375000
9780000
9540000
9495000
9680000
9835000
9675000
10175000
10180000
9855000
9655000
9670000
9670000
11100000
8685000
10275000
9905000
8675000
9610000
