./2022-12/wasm/aead_aegis128l.wasm
11670825000
12047165000
17465650000
19462515000
19522365000
17313910000
16169525000
16886025000
13754550000
18391110000
18367450000
18470250000
18679800000
18904845000
15537330000
15634465000
11536610000
11089205000
11135385000
11183180000
11098470000
11254310000
11103310000
11128485000
11099995000
11105485000
11103335000
11122370000
11139925000
11103270000
11127765000
11116725000
11101250000
11103140000
11093810000
11109895000
11092250000
11101280000
11095440000
11115655000
11085285000
11111510000
11113970000
11090345000
11097420000
11148345000
11128315000
11111565000
11080000000
11090545000
11131950000
11099385000
11108520000
11138160000
11103045000
11102825000
11126905000
11097510000
11125555000
11117550000
11071100000
11069770000
11153610000
11092380000
11111430000
11114205000
11097760000
11073915000
11083705000
11102660000
11098915000
11124770000
11189345000
11122240000
11108730000
11083280000
11546110000
11122070000
11120705000
11099690000
11106985000
11108580000
11112275000
11125710000
11116185000
11126935000
11114715000
11111685000
11105725000
11103235000
11086195000
11105720000
11097440000
11112410000
11093475000
11099600000
11150345000
11092030000
11086195000
11120000000
./2022-12/wasm/aead_aegis256.wasm
12311745000
12274250000
12282870000
12314035000
12253355000
12271190000
12268965000
12316045000
12280195000
12301360000
12282265000
12237435000
12264590000
12279535000
12251245000
12266695000
12276995000
12272125000
12293945000
12268970000
12253185000
12285160000
12237140000
12270585000
12263440000
12286155000
12277855000
12269740000
12271960000
12275865000
12299125000
12271115000
12258560000
12274235000
12344760000
12303550000
12262290000
12283255000
12259960000
12283605000
12281845000
12285520000
12258135000
12268030000
12279910000
12277525000
12278945000
12284030000
12262275000
12305650000
12272315000
12270915000
12267690000
12281910000
12268310000
12267080000
12270315000
12269110000
12264530000
12271880000
12276125000
12259595000
12256150000
12263905000
12267770000
12271080000
12289725000
12262825000
12298855000
12244405000
12270360000
12275490000
12264965000
12265990000
12273765000
12271635000
12271955000
12234915000
12262690000
12291605000
12282520000
12264880000
12265530000
12252540000
12280785000
12271175000
12297270000
12303165000
13420030000
17470275000
12425840000
12290440000
12425705000
12304145000
12290315000
12388890000
12303845000
12289355000
12280875000
12308335000
./2022-12/wasm/aead_chacha20poly1305.wasm
172325000
170200000
168325000
172255000
168145000
170510000
170310000
169430000
169095000
172890000
169790000
168260000
170820000
171745000
170945000
169630000
171200000
169620000
169890000
177565000
170100000
170170000
171400000
179785000
171050000
173570000
174400000
176615000
184870000
169950000
172565000
173250000
172230000
174380000
174900000
168270000
174570000
168405000
173990000
176045000
177415000
170080000
170245000
168845000
172180000
172785000
173055000
170210000
172115000
172055000
173520000
169995000
171025000
170135000
169045000
172490000
170255000
171150000
171215000
179140000
175180000
173715000
176160000
169775000
170465000
172800000
173735000
173710000
170575000
171385000
169280000
169980000
171730000
171595000
170475000
173790000
168350000
174190000
199020000
179505000
172120000
169930000
170105000
174320000
172660000
169070000
171340000
169880000
174340000
180190000
169910000
170475000
168890000
172060000
173325000
172800000
168840000
169990000
171075000
179415000
./2022-12/wasm/aead_chacha20poly13052.wasm
340360000
325265000
327930000
337550000
343290000
321095000
322145000
330235000
325170000
335355000
325030000
328225000
325035000
336225000
333050000
324460000
322745000
331570000
324995000
329915000
342565000
333680000
322345000
324850000
325805000
320680000
325925000
331615000
326960000
321320000
329720000
322890000
319955000
329770000
330315000
335540000
332410000
336100000
329540000
329810000
322865000
325870000
322660000
329375000
324440000
335375000
333270000
327415000
324770000
335110000
333670000
328740000
333285000
320550000
335955000
332565000
336105000
320990000
326895000
334290000
333285000
326430000
338110000
329905000
326915000
329375000
333345000
329730000
323350000
331255000
323975000
320425000
320845000
338480000
317010000
320835000
325055000
325000000
330725000
327815000
325275000
323400000
325260000
324540000
329420000
321110000
327535000
329515000
329110000
324335000
326615000
328365000
331420000
318445000
327090000
324945000
323400000
323715000
324315000
332530000
./2022-12/wasm/aead_xchacha20poly1305.wasm
182355000
174220000
183115000
195500000
171950000
169585000
178855000
183695000
177055000
186855000
182430000
175015000
173235000
186295000
169515000
172400000
171765000
171635000
186455000
184540000
174705000
174555000
181145000
192270000
182665000
171530000
171160000
171765000
176335000
184025000
186115000
186305000
177240000
187690000
185960000
186110000
172955000
173515000
172225000
172230000
180810000
174650000
172355000
176430000
170595000
175925000
170865000
184275000
170970000
172090000
181205000
172960000
176480000
185185000
182265000
175205000
174690000
181595000
181105000
172500000
173665000
173660000
178315000
169495000
169450000
189785000
173705000
187465000
182410000
182220000
172890000
171400000
183320000
180700000
183280000
175695000
168680000
169255000
173050000
188130000
188405000
170670000
174505000
182440000
190410000
188170000
185740000
178645000
169405000
171995000
185835000
175465000
174305000
170195000
168865000
180775000
169620000
178705000
180095000
186020000
