./2022-12/wasm/hash.wasm
7715000
4645000
4585000
4590000
4610000
4580000
4580000
4620000
4640000
4585000
4580000
4595000
4610000
4580000
4595000
4690000
4575000
4590000
4595000
4580000
4605000
4595000
4580000
5485000
4580000
4580000
4915000
4615000
4590000
4710000
4600000
4630000
4595000
4615000
6830000
4585000
4575000
4700000
4580000
4590000
4590000
4595000
4580000
4580000
4590000
4880000
4580000
4620000
4595000
4580000
4580000
4585000
5295000
4600000
4605000
4640000
4630000
4585000
4590000
4630000
4585000
4585000
4585000
5120000
4595000
4605000
4585000
4585000
5410000
4600000
4580000
4585000
4585000
4955000
4580000
4585000
4620000
4625000
4580000
4590000
4585000
4580000
4630000
4590000
4600000
4625000
4580000
4830000
4610000
4610000
4595000
4585000
4580000
4585000
4615000
4905000
4710000
4595000
4580000
4580000
