./2022-12/wasm/aead_aegis128l.wasm
7602150000
7536435000
7555120000
7683560000
7554140000
8622125000
8232540000
7682265000
7546395000
7573250000
7579585000
7676295000
7543920000
7552080000
7540790000
7581060000
7531525000
7602450000
7524660000
7532145000
7689940000
7557735000
7660830000
7531875000
8213055000
7602265000
7537035000
7679690000
7577915000
7616130000
7682545000
7664655000
7582420000
7547445000
7517155000
7568325000
7584790000
7574420000
7613160000
7680640000
7557340000
7568065000
7548945000
7520910000
7545135000
7781690000
7531465000
7756315000
7528330000
7681800000
7544355000
7605705000
7543460000
7535400000
7678965000
7546315000
7709815000
7538200000
7680985000
7529505000
7554115000
7621645000
7536605000
7550155000
7628250000
7646775000
7640255000
7529260000
7680555000
7564465000
7529595000
7526175000
7573120000
7560800000
7532995000
7702100000
7556090000
7528245000
7580970000
7640000000
7618365000
7693230000
7549430000
7526595000
7568600000
7542670000
7542740000
7681255000
7536365000
7572205000
7678915000
7622540000
7549950000
7551270000
7685825000
7563050000
7532000000
7529685000
7554470000
7552525000
./2022-12/wasm/aead_aegis256.wasm
8550585000
8432215000
8368995000
8471880000
8347555000
8349240000
8356390000
8497495000
8353155000
8382985000
8349985000
8335010000
8383860000
8420780000
8392935000
8484805000
8358650000
8330990000
8374465000
8512735000
8372950000
8397865000
8350555000
8421660000
8334200000
8476050000
8356680000
8521770000
8557445000
8359165000
8486075000
8345290000
8409520000
8537270000
8348160000
8468150000
8344240000
8333965000
8440890000
8350400000
8360545000
8340330000
8372670000
8495390000
8469680000
8407960000
8349985000
8331815000
8395835000
8356920000
8334835000
8500685000
8379850000
8390935000
8436805000
8351135000
8510160000
8392325000
8512805000
8401520000
8366815000
8324595000
8386870000
8515890000
8516400000
8385750000
8363885000
8499980000
8394575000
8349090000
8356780000
8506775000
8341755000
8374740000
8465330000
8389650000
8439165000
8398385000
8377470000
8358240000
8385415000
8332990000
8460745000
8438705000
8378420000
8396320000
8339195000
8358635000
8761410000
8436820000
8354265000
8339400000
8516730000
8318580000
8337020000
8350535000
8347500000
8370475000
8355060000
8501265000
./2022-12/wasm/aead_chacha20poly1305.wasm
170295000
177000000
175535000
172860000
170760000
171870000
170455000
175475000
171215000
171660000
171150000
173590000
172310000
179520000
172050000
175520000
174385000
170700000
172575000
174825000
169630000
172320000
173615000
173990000
173540000
172380000
170390000
176560000
172045000
171750000
172485000
171510000
175515000
175855000
176755000
169880000
172940000
169140000
173505000
171805000
173775000
171070000
173560000
170635000
171285000
174125000
170285000
176465000
171425000
171605000
171710000
176830000
173945000
170895000
171960000
172125000
173140000
174885000
171065000
174245000
174145000
172935000
199860000
172900000
178235000
174625000
197790000
173175000
172735000
170995000
197350000
176230000
169285000
173645000
177645000
171505000
176070000
175905000
173445000
171385000
171580000
171275000
184050000
172085000
173455000
180735000
172485000
171675000
171150000
171315000
170945000
176975000
170880000
173290000
187760000
175625000
173205000
171745000
170690000
174145000
./2022-12/wasm/aead_chacha20poly13052.wasm
322830000
328475000
321950000
318960000
332220000
326525000
323625000
322995000
323960000
330990000
324510000
321330000
320170000
320920000
329710000
322675000
319570000
322335000
333410000
321525000
321910000
318900000
319670000
333070000
323720000
325155000
335000000
324030000
326100000
321925000
326090000
323430000
352840000
321770000
321705000
321805000
335215000
332180000
335770000
326150000
327805000
319560000
325860000
324965000
333620000
319595000
330950000
327450000
320500000
330920000
320250000
328840000
334090000
334095000
321885000
321465000
332700000
341575000
319310000
325915000
335975000
443830000
350610000
318940000
319170000
359665000
483470000
419525000
431125000
324715000
322420000
321370000
321515000
321500000
320420000
317530000
326950000
322750000
333685000
325205000
326370000
325110000
323805000
320555000
318385000
333835000
326865000
320165000
327290000
326420000
330235000
326795000
326860000
321735000
324275000
321935000
337090000
319675000
337920000
333515000
./2022-12/wasm/aead_xchacha20poly1305.wasm
173225000
176125000
172140000
172175000
171575000
172245000
172460000
174690000
175280000
173930000
173005000
172375000
176015000
171790000
172725000
173255000
172655000
172350000
172350000
173110000
171680000
172270000
174180000
188675000
176640000
172610000
172640000
175510000
172380000
179035000
176740000
173920000
174055000
175465000
174705000
176610000
171410000
172900000
175650000
173155000
174955000
173785000
174275000
173815000
171885000
173395000
172530000
172790000
173335000
173485000
173375000
172880000
173250000
172380000
175340000
171790000
175590000
175530000
173200000
171920000
171850000
174450000
173150000
176360000
171770000
201800000
178170000
171740000
177390000
177615000
174740000
172520000
175430000
174135000
171950000
175305000
173980000
175375000
173165000
172270000
177280000
172470000
178250000
175170000
172935000
172575000
173120000
174175000
173585000
177995000
173260000
172380000
176530000
170635000
173260000
172550000
171990000
173810000
173040000
171915000
