./2022-12/wasm/generichash.wasm
813110000
815045000
815640000
813580000
816765000
813690000
815235000
821310000
819385000
812905000
820045000
815275000
814430000
818575000
815985000
824380000
812340000
817190000
820485000
819790000
812600000
819925000
813510000
814680000
812320000
813680000
823650000
812200000
814810000
818635000
814200000
815180000
819195000
814435000
813820000
819255000
817320000
819500000
816820000
813500000
813815000
813585000
815855000
814255000
815280000
815930000
837840000
813495000
819920000
814810000
813000000
820515000
813455000
813970000
820180000
813395000
814895000
813750000
815665000
817680000
821515000
813315000
819955000
815110000
814310000
821280000
815480000
812055000
832750000
815820000
816305000
837000000
814625000
821025000
814240000
812405000
822570000
813775000
813390000
815090000
812860000
820465000
813755000
818570000
814340000
812860000
812850000
821790000
818950000
812480000
815830000
814690000
821055000
814090000
811530000
818460000
814305000
813170000
814215000
820905000
./2022-12/wasm/generichash2.wasm
49525000
49595000
49425000
49520000
49480000
49525000
49450000
49400000
49660000
49410000
49480000
49565000
49610000
50265000
49605000
50525000
50360000
50650000
49755000
50320000
50135000
50685000
49765000
50045000
51385000
50250000
49995000
51475000
50810000
50355000
50225000
50225000
49685000
49590000
49575000
50005000
50280000
50395000
49825000
49455000
50875000
49965000
49525000
54130000
49980000
49970000
50500000
49950000
49485000
49550000
49700000
49600000
49465000
49495000
49520000
53980000
49485000
49505000
49475000
49640000
49545000
49445000
50525000
49685000
51135000
49745000
50435000
50015000
55380000
51735000
50990000
50325000
58650000
49865000
51145000
49795000
51080000
50730000
49815000
50320000
50395000
50260000
50945000
49885000
49580000
50805000
49760000
49950000
52075000
50200000
50095000
49905000
50430000
49480000
49595000
49450000
49450000
49625000
49865000
50785000
./2022-12/wasm/generichash3.wasm
49725000
49595000
49515000
50075000
50490000
49100000
50045000
50340000
49880000
49625000
49940000
49150000
48845000
48850000
49165000
48795000
48855000
62330000
49490000
49805000
49610000
49610000
50670000
49860000
52305000
49140000
49820000
50135000
49975000
49745000
49815000
50010000
48905000
49595000
50150000
49900000
49690000
49570000
49805000
49380000
49360000
49385000
49345000
50540000
48830000
48800000
55100000
48865000
49610000
48910000
48800000
48890000
48990000
48800000
48810000
50440000
50960000
50375000
50015000
49425000
50895000
49510000
50450000
51485000
50530000
50270000
49745000
49915000
50185000
49575000
50405000
49895000
50055000
50305000
50805000
50000000
49240000
49160000
50935000
49165000
49915000
67395000
50730000
49195000
49350000
49630000
50100000
49810000
49335000
49925000
49180000
49765000
49815000
49815000
49610000
49160000
49680000
49840000
48870000
49090000
