./2022-12/wasm/metamorphic.wasm
25965575000
25828360000
25839890000
25906725000
25854550000
25840440000
25849720000
25878500000
26021985000
26375910000
25859290000
25869815000
25961795000
26178545000
25846765000
25894375000
25847000000
25957295000
25908860000
25912685000
25890950000
25827440000
25856270000
26344895000
25957355000
25834105000
25931250000
25989575000
26010135000
25881755000
25873100000
25923135000
25864750000
25836130000
25805150000
25836025000
25952335000
25908375000
25886955000
25946580000
25850905000
25819245000
25884385000
26124225000
25844835000
25971230000
25940525000
25984075000
26039625000
25842190000
25947225000
25827175000
25943230000
25841415000
25935270000
25959690000
25891240000
25844030000
25857520000
26017495000
25888125000
26029530000
25846445000
25873290000
25844640000
25881605000
25979405000
26010825000
26016145000
25870215000
25960550000
26155665000
25862575000
25846960000
25903810000
25814450000
25969040000
26142940000
25819245000
26066780000
26200565000
25895890000
25853205000
25869325000
25903275000
25818975000
25891585000
25917170000
25926455000
25847770000
25871415000
25899855000
25845570000
25847085000
25821425000
25841540000
25817615000
25920395000
26032880000
25975505000
