./2022-12/wasm/onetimeauth7.wasm
23679655000
23780575000
24794000000
23702480000
23665330000
23704545000
23641775000
23574550000
23728430000
23708440000
23593620000
23597410000
23622680000
23664025000
23647870000
23671750000
23652915000
23614770000
23667475000
23645850000
23567370000
23621045000
23635515000
23621455000
23610280000
23633970000
23642690000
23676705000
23645750000
23633950000
23635435000
23623860000
23673285000
23642695000
23616295000
23667270000
23597445000
23620035000
23634835000
23643890000
23648785000
23603165000
23685335000
23590475000
23609060000
23633430000
23655490000
25030875000
23630940000
23591000000
23645540000
23640685000
23670065000
23629095000
23633910000
23626495000
23642030000
23640305000
23616925000
23888560000
23709255000
23684510000
23686965000
23654560000
23803140000
23620560000
23668250000
23609595000
23644780000
23615130000
23933135000
23600740000
23648740000
23677615000
23680100000
23638775000
23634465000
23624995000
23646815000
23646655000
23622350000
23632365000
23633285000
23618410000
23599290000
23628470000
23646980000
23619480000
23650010000
23731910000
23632800000
23669930000
23659480000
23619880000
23643085000
23652270000
23600255000
23919730000
23699605000
23648425000
