./2022-12/wasm/generichash.wasm
1815725000
1806195000
1806690000
1816885000
1804925000
1807270000
1815900000
1808700000
1809245000
1808465000
1808205000
1814005000
1806775000
1809520000
1805750000
1800895000
1813505000
1810105000
1818825000
1818500000
1839490000
1807280000
1805340000
1805810000
1814445000
1810195000
1805735000
1805355000
1811450000
1812785000
1807340000
1809305000
1817445000
1800545000
1805490000
1801585000
1809855000
1807860000
1812015000
1813405000
1814920000
1802725000
1807370000
1802490000
1811885000
1817560000
1806285000
1827425000
1804730000
1808755000
1812225000
1810550000
1805425000
1803425000
1808980000
1806725000
1806725000
4361070000
1806090000
1811615000
1812510000
1811830000
1809330000
1806215000
1808145000
1802555000
1809055000
1798715000
1813080000
1812545000
1823520000
1810910000
1813355000
1817255000
1803420000
1806930000
1804320000
1811250000
1804015000
1803185000
1808995000
1817755000
1809415000
1805230000
1805265000
1812975000
1805920000
1805985000
1818455000
1803090000
1813125000
1814045000
1806800000
1804380000
1815040000
1806070000
1803665000
1802005000
1812675000
1817845000
./2022-12/wasm/generichash2.wasm
117195000
125045000
118105000
117425000
116805000
135145000
116730000
115515000
119150000
117130000
116950000
116150000
116545000
116515000
116385000
116060000
116250000
116325000
118455000
117260000
117685000
117225000
117000000
120675000
116950000
116715000
119060000
118310000
117105000
117060000
116310000
116750000
116495000
116490000
118450000
125075000
117760000
116280000
115765000
116385000
117910000
116305000
118255000
116180000
116370000
115565000
117605000
117135000
118070000
117030000
116945000
125205000
117585000
117000000
115710000
116595000
117700000
117750000
115020000
118565000
117820000
117435000
123805000
116165000
117465000
116800000
116260000
116230000
120165000
116340000
117230000
115940000
116850000
116595000
117120000
118330000
116875000
117290000
116250000
117350000
115470000
116300000
117185000
116865000
118545000
117455000
117980000
118730000
116775000
117340000
118010000
116990000
116150000
117390000
118295000
116560000
117370000
115380000
116235000
116870000
./2022-12/wasm/generichash3.wasm
116200000
117595000
119540000
120535000
118755000
118425000
117650000
118615000
119080000
118880000
117055000
119385000
118835000
118625000
117845000
120175000
117555000
117710000
119155000
119630000
125315000
119460000
116500000
137165000
119260000
117500000
118035000
117765000
119200000
125085000
119305000
118530000
117620000
118395000
117970000
117170000
118150000
119875000
119970000
116285000
116690000
126650000
119010000
118560000
117495000
117095000
117775000
117510000
121040000
122330000
118265000
117465000
117375000
118795000
119265000
118115000
117115000
119105000
117330000
120275000
120800000
116970000
118675000
116510000
117350000
118065000
117870000
115980000
116365000
117035000
118095000
117170000
118935000
125080000
117870000
117265000
118730000
117825000
117755000
118210000
117725000
119760000
122425000
118225000
118760000
116915000
117190000
117835000
118155000
119210000
120325000
126365000
118230000
118070000
116750000
117470000
119405000
117890000
119925000
118700000
