./2022-12/wasm/metamorphic.wasm
24918700000
24525910000
24546915000
24785420000
24623965000
24685025000
24745170000
24666775000
24917975000
24539990000
24421545000
24737900000
24855645000
24958500000
24517820000
24544800000
24807725000
24665260000
24604450000
24629520000
24639235000
24665735000
24541560000
24659000000
24824125000
24599340000
24601885000
24387490000
25054950000
24748320000
24772780000
24785595000
24903055000
24843695000
25022180000
24480885000
24899175000
24559030000
24655905000
25084755000
24561435000
24747535000
24567015000
24635960000
24282550000
24653630000
24872715000
24776275000
24725255000
24410965000
24499730000
24554270000
24492350000
24581370000
24869865000
24542825000
24964875000
24773370000
24483940000
24869340000
24844085000
24352350000
24573505000
24873020000
24557620000
24617735000
24904930000
24763590000
24679715000
24852595000
24646530000
24731755000
24634485000
24575650000
24804020000
24736270000
24515820000
24763685000
25000275000
24902615000
24759790000
24439575000
24785440000
24596895000
25017560000
24495895000
24423240000
24604785000
24912100000
24593635000
24547480000
24713590000
24533770000
24719335000
24736355000
24902240000
24881815000
25687895000
24918750000
24726690000
