./2022-12/wasm/metamorphic.wasm
23852080000
23874235000
23852760000
23841170000
23876580000
23863965000
23883760000
23868575000
23889495000
23904645000
23884555000
23867320000
23877460000
23893645000
23876560000
23859760000
23865310000
23855125000
23897690000
23891165000
23856785000
23896130000
23870735000
23881975000
23855110000
23884730000
23851955000
23869125000
23851915000
23898265000
23872940000
23868305000
23863325000
23869940000
23988290000
23850720000
23865795000
23855480000
23848665000
23830195000
23872870000
23842290000
23856275000
23877885000
23885365000
23869900000
23913115000
23868710000
23863420000
23894350000
23856410000
23860945000
23875960000
23859510000
23901765000
23868980000
23843795000
23870940000
23877005000
23936945000
23862760000
23850820000
23887560000
23895595000
24076090000
23867175000
23852400000
23860095000
23886550000
23859810000
23868060000
23874170000
23876115000
23841840000
23875195000
23843940000
23856185000
23889740000
23853420000
23878425000
23868390000
23861870000
23847260000
23868565000
23924665000
23862145000
23866325000
23831950000
23850170000
23861460000
23851030000
23869345000
23827870000
23862240000
23871575000
23851745000
23867810000
23882200000
23851980000
23858295000
