./2022-12/wasm/hash.wasm
27635000
29705000
27480000
27525000
28170000
27335000
27765000
28945000
27930000
27135000
30595000
27930000
28110000
28120000
28490000
29385000
27570000
27695000
28910000
27750000
27655000
28585000
28025000
28135000
27865000
28635000
28905000
29070000
29085000
28545000
28135000
31235000
28340000
27820000
26650000
28180000
28185000
28650000
28465000
27935000
28765000
27930000
27790000
28240000
28135000
29800000
27585000
27990000
27990000
27945000
28795000
29670000
28075000
28900000
28360000
27670000
29600000
29020000
28195000
28435000
27770000
28390000
28910000
28610000
28175000
30080000
28280000
27995000
28240000
28955000
29760000
28175000
29295000
28180000
29080000
27940000
29135000
28060000
27735000
29530000
27490000
27580000
28505000
28810000
28240000
29040000
28870000
28715000
28265000
28370000
27535000
29115000
27875000
29065000
28635000
27635000
28105000
29275000
27380000
29055000
