./2022-12/wasm/generichash.wasm
1484755000
1478800000
1490365000
1483580000
1481445000
1484410000
1484135000
1476195000
1480500000
1485675000
1477785000
1477160000
1476350000
1483685000
1487570000
1475700000
1478505000
1478705000
1477120000
1485220000
1483910000
1478245000
1482400000
1478860000
1496010000
1477940000
1491645000
1498700000
1474080000
1482530000
1480175000
1474235000
1488645000
1476620000
1472925000
1484780000
1476750000
1482275000
1479670000
1478660000
1476260000
1473380000
1476090000
1486340000
1479515000
1483285000
1484420000
1491605000
1475720000
1474885000
1476680000
1489465000
1477155000
1479935000
1481125000
1474840000
1483280000
1477330000
1478035000
1482675000
1476120000
1485965000
1476740000
1480915000
1484535000
1479155000
1475290000
1478475000
1475730000
1480360000
1483895000
1475315000
1480565000
1477655000
1474805000
1482965000
1493015000
1494585000
1477385000
1486220000
1482330000
1474415000
1477495000
1483980000
1476360000
1483470000
1480195000
1476225000
1485385000
1476800000
1475325000
1474300000
1477650000
1477480000
1475785000
1477640000
1484620000
1475410000
1478255000
1484480000
./2022-12/wasm/generichash2.wasm
105025000
106475000
106335000
105495000
105735000
106535000
105600000
104905000
105710000
106220000
105105000
111455000
105805000
105420000
105355000
108150000
104940000
105500000
105735000
107185000
105040000
105480000
106460000
105630000
105035000
110555000
107145000
106185000
105300000
105590000
106990000
105275000
109380000
107275000
105685000
105450000
106230000
106235000
105200000
105455000
105180000
106610000
105255000
105785000
106410000
106865000
105650000
105725000
106270000
104875000
105620000
108340000
106420000
105770000
105375000
105395000
107020000
110155000
105510000
106410000
106090000
106165000
105525000
105365000
105825000
105510000
105465000
106245000
105215000
105065000
112280000
106060000
111125000
105525000
105445000
105560000
105115000
107765000
107465000
110055000
105405000
113210000
106075000
104830000
105550000
106545000
106035000
105020000
106080000
107320000
105245000
105735000
110240000
113150000
105455000
106600000
110125000
105295000
106085000
107265000
./2022-12/wasm/generichash3.wasm
106020000
106840000
106250000
108995000
106045000
107735000
106160000
106150000
106930000
143250000
107505000
107490000
105310000
110165000
107590000
111330000
106005000
105925000
107040000
108485000
110600000
105790000
107715000
105845000
106160000
105580000
107700000
106950000
105675000
105980000
106485000
107120000
106025000
105495000
106790000
105800000
105985000
105295000
105475000
105335000
112465000
109070000
105655000
106240000
106935000
105860000
105690000
105855000
107515000
110660000
105885000
106440000
106560000
114600000
106970000
105780000
106120000
106940000
106705000
106025000
105900000
105925000
106365000
118370000
105800000
128845000
107425000
106185000
106025000
109085000
106140000
106080000
110485000
107285000
108215000
107065000
105570000
125635000
107755000
106185000
105870000
106980000
106825000
105890000
105470000
108375000
108445000
106140000
105790000
113970000
107020000
105350000
105960000
106455000
105355000
105680000
105930000
107485000
105290000
105485000
