./2022-12/wasm/pwhash_argon2i.wasm
458318690000
461206980000
463771550000
457549280000
456196805000
455852965000
457067915000
455675475000
461823165000
461908125000
457246750000
457213415000
458163820000
457919310000
456942880000
463315455000
456334185000
457583240000
459967055000
457254100000
461597320000
463515825000
460923940000
458195825000
459146220000
456089075000
458159925000
457740795000
457755205000
455963440000
455995730000
455743350000
457369575000
456938240000
456923095000
459463340000
458197535000
463711090000
463155035000
460368880000
461381180000
456607065000
459207825000
456656285000
456363025000
457062760000
458275695000
467493095000
457024885000
457254995000
456462170000
457661260000
455813440000
463211115000
456408065000
457271715000
458197595000
458674070000
459453460000
473903220000
459394165000
457989990000
459572640000
460322370000
457470180000
460660890000
456016065000
461708955000
459069885000
455725270000
456641830000
457256655000
460711865000
461249350000
458506285000
457225895000
459301980000
458332290000
461783925000
464627690000
457725010000
457228990000
460091950000
456045575000
461480000000
458048785000
455993455000
458031630000
457432035000
459060520000
463493800000
456381670000
457507160000
458996230000
461327385000
461887385000
458150825000
458848350000
456756740000
457153675000
