./2022-12/wasm/auth.wasm
112220000
111540000
112275000
115060000
112295000
118960000
112350000
112075000
111790000
112195000
111950000
112520000
111960000
112235000
111755000
112105000
112755000
111770000
111765000
111575000
111705000
112035000
141910000
117290000
112800000
111820000
112130000
112020000
112980000
111855000
112355000
111945000
111925000
111765000
112055000
111900000
117315000
111930000
112675000
112155000
112045000
111835000
111625000
112100000
112215000
112715000
112255000
111845000
112480000
113355000
112000000
112540000
111925000
111745000
113410000
111830000
118235000
112310000
112200000
112600000
112180000
112035000
111960000
112105000
116340000
111900000
112190000
112775000
112185000
112065000
112180000
112695000
112075000
112825000
112115000
111960000
111630000
111920000
112380000
112395000
112515000
113355000
112435000
112280000
111935000
112505000
117540000
112315000
117575000
112525000
111800000
112615000
112400000
112215000
111790000
111785000
112360000
111660000
113165000
111755000
./2022-12/wasm/auth2.wasm
5620000
5460000
5445000
5475000
8005000
5500000
5445000
5450000
5450000
5700000
5460000
5465000
5455000
5510000
5460000
5455000
5460000
5440000
5465000
5460000
5500000
5450000
5450000
5500000
5455000
6065000
5470000
5445000
5500000
5445000
5705000
5460000
5495000
5475000
5825000
5670000
5455000
5460000
5465000
5855000
8735000
5475000
5460000
5465000
5515000
5480000
5455000
5475000
5455000
5465000
5450000
5475000
5450000
5455000
5445000
5450000
5490000
5465000
5460000
5450000
5450000
5450000
5560000
5460000
5460000
5510000
5455000
7535000
5455000
5450000
5470000
5520000
5445000
5455000
5645000
5450000
5450000
5490000
5520000
5455000
5455000
5460000
5465000
5455000
5460000
5515000
5460000
5485000
5460000
5455000
5465000
5465000
5505000
5470000
5665000
5460000
5440000
5455000
5505000
5455000
./2022-12/wasm/auth3.wasm
11165000
10930000
10920000
11410000
10950000
11140000
10950000
10965000
10905000
10910000
10905000
10910000
10905000
10900000
10975000
10940000
10890000
10900000
11065000
10965000
10950000
10910000
10890000
10940000
11205000
11120000
10955000
10930000
10925000
10910000
10915000
10980000
10900000
10920000
10895000
10960000
10975000
10965000
10905000
10975000
16185000
10910000
10965000
10900000
10915000
11440000
11095000
10915000
10905000
10975000
10915000
10890000
11245000
10910000
10915000
10920000
11050000
11025000
11035000
10900000
11030000
10935000
10970000
11410000
11095000
11525000
10920000
10890000
10980000
10940000
10925000
10910000
11025000
10895000
10915000
11205000
10955000
10965000
11210000
10905000
10905000
10885000
10960000
10890000
10955000
10905000
11050000
11750000
10915000
10895000
11105000
11025000
10920000
10935000
10940000
10965000
10890000
10900000
11435000
10935000
./2022-12/wasm/auth5.wasm
59558630000
59653295000
59619745000
59658950000
59582025000
59616675000
59615590000
59614775000
59695865000
59644165000
59607085000
59612080000
59642285000
59648035000
59596480000
59583205000
59879295000
59626360000
59650400000
59610480000
59620355000
59663285000
59587060000
59677350000
59662200000
59603860000
59612795000
60482195000
59647365000
59609705000
60012625000
59619330000
60464915000
59672100000
59799485000
60054505000
59575215000
59612020000
59681530000
59603585000
59603245000
59631665000
59590805000
59858945000
59602610000
59609215000
60671640000
59697770000
59589050000
59659380000
59926125000
59587670000
59585195000
59623760000
59688875000
59587665000
59580205000
59603500000
59641425000
59756405000
59903095000
59593265000
59598905000
59587465000
59597810000
59858510000
59551425000
59697475000
59626645000
59578015000
59560310000
59583795000
59645920000
59606100000
59871245000
59576565000
59593015000
59599220000
59593080000
59656500000
59577935000
59626120000
59590930000
59562595000
59604690000
59567750000
59599375000
59577250000
59608240000
59914340000
59597580000
59591685000
59645595000
59630740000
59643445000
59572255000
59638295000
59615260000
59668895000
59627695000
./2022-12/wasm/auth6.wasm
9280000
13190000
9115000
9130000
9295000
9090000
9180000
9100000
9100000
9090000
9160000
9095000
9090000
9375000
9175000
9175000
9120000
9110000
9205000
9105000
9135000
9105000
9250000
9210000
9150000
9100000
9090000
9435000
9130000
9110000
9140000
9250000
9085000
9105000
9125000
9115000
9460000
9605000
9100000
9110000
9125000
9110000
9145000
9110000
9135000
9115000
9155000
9450000
9140000
9105000
9130000
9080000
9145000
9180000
9130000
9135000
10125000
9135000
9120000
9100000
9210000
9260000
9145000
9120000
9165000
9310000
9125000
9100000
9195000
9180000
9175000
9100000
9090000
9170000
9105000
9310000
9200000
9135000
9115000
14550000
9295000
9190000
9145000
9215000
9180000
9130000
9145000
9435000
9135000
9145000
9135000
9095000
9435000
9150000
9105000
9160000
9140000
9360000
9105000
9165000
./2022-12/wasm/auth7.wasm
31463415000
31493360000
31498765000
31489295000
31485370000
31515450000
31546055000
31480970000
31518060000
31484620000
31509425000
31473480000
31506585000
31526210000
31509425000
31482160000
31519495000
31506375000
31482840000
31483330000
31501335000
31517335000
31510690000
31510870000
31518365000
31506110000
31459345000
31521995000
31525460000
31522890000
31497240000
31532340000
31473210000
31498845000
31503550000
31473245000
31486930000
31455605000
31490345000
31492310000
31495110000
31554400000
31528355000
31474325000
31516270000
31509425000
31464185000
31498940000
31483190000
31474550000
31491160000
31516085000
31469530000
31511305000
31473130000
31505235000
31515915000
31491685000
31561290000
31481835000
31475675000
31500405000
31482960000
31553695000
31476595000
31492490000
31488135000
31474505000
31522270000
31491460000
31497780000
31467900000
31506600000
31496805000
31482750000
31484015000
31504700000
31461635000
31500125000
31508020000
31510920000
31474450000
31493725000
31734380000
31463410000
31516275000
31530770000
31501625000
31526250000
31508775000
31505540000
31502395000
31593655000
31485765000
31513635000
31517325000
31456580000
31541040000
31492870000
31480220000
