./2022-12/wasm/onetimeauth7.wasm
5741995000
5747285000
5744925000
5767460000
5751700000
5739580000
5757960000
5733110000
5727465000
5733445000
5751715000
5760185000
5746850000
5739860000
5735600000
5733800000
5747090000
5753695000
5735785000
5738440000
5745790000
5747810000
5744405000
5757650000
5732870000
5730940000
5744615000
5727295000
5744920000
5740840000
5765550000
5736510000
5736090000
5746875000
5743440000
5734205000
5745500000
5740910000
5746390000
5750495000
5753340000
5729090000
5739155000
5750285000
5738845000
5740900000
5748015000
5745135000
5747420000
5744090000
5751460000
5760555000
5740990000
5733110000
5795125000
5738835000
5747745000
5745010000
5749640000
5745365000
5738410000
5739630000
5736605000
5751415000
5739805000
5751135000
5749660000
5743320000
5748215000
5751030000
5736855000
5747150000
5737235000
5740985000
5743450000
5742490000
5753465000
5750890000
5725560000
5756110000
5737565000
5739680000
5732480000
5741730000
5742455000
5746475000
5776740000
5746235000
5749055000
5749255000
5747550000
5766535000
5748640000
5742905000
5750710000
5735700000
5738515000
5740020000
5753065000
5737470000
