./2022-12/wasm/kdf.wasm
29750000
29685000
30125000
30115000
29755000
29805000
32685000
29680000
29645000
30435000
29725000
29675000
30575000
30690000
29855000
29735000
30195000
29765000
29680000
30120000
30870000
29645000
30295000
31910000
29775000
29770000
29745000
30605000
29680000
29900000
31455000
29910000
29680000
30730000
29750000
29710000
30075000
31590000
29765000
34250000
30400000
30000000
29680000
29960000
30235000
29785000
29720000
31675000
29700000
29670000
29745000
31135000
29710000
30285000
34065000
31005000
29740000
29725000
31925000
29945000
29685000
29755000
31765000
29665000
29720000
30725000
30420000
29775000
29720000
30290000
30300000
29685000
30250000
32000000
30280000
30810000
35975000
30630000
29745000
29730000
29755000
30520000
29695000
29880000
30085000
32050000
29755000
30380000
29820000
30275000
30295000
30260000
29890000
30915000
29740000
29685000
29975000
30350000
29765000
29715000
./2022-12/wasm/kdf_hkdf.wasm
1046755000
1050250000
1080015000
1051515000
1061025000
1046505000
1053075000
1046995000
1051865000
1047920000
1050055000
1045015000
1053625000
1047850000
1063610000
1096420000
1047390000
1052970000
1175850000
1053655000
1046180000
1055170000
1047920000
1047740000
1045715000
1054080000
1045755000
1047840000
1101240000
1047990000
1054250000
1048380000
1100065000
1045560000
1047900000
1047865000
1114150000
1045940000
1047440000
1083890000
1048095000
1051385000
1058355000
1056380000
1141025000
1047485000
1048290000
1055675000
1112005000
1052885000
1047420000
1046380000
1046460000
1046230000
1051750000
1046930000
1052140000
1045440000
1049960000
1047055000
1047785000
1047095000
1046580000
1050520000
1047055000
1047325000
1048570000
1052105000
1045910000
1046725000
1047075000
1052665000
1046390000
1046560000
1047670000
1045355000
1051720000
1046960000
1053175000
1047725000
1050935000
1048300000
1046230000
1049075000
1049500000
1048450000
1131300000
1053795000
1051035000
1052775000
1047850000
1048210000
1047115000
1052030000
1047550000
1047575000
1047010000
1049670000
1066855000
1070390000
