./2022-12/wasm/auth.wasm
168125000
159240000
161325000
159275000
161455000
159360000
159255000
159690000
158735000
159910000
162575000
159365000
158540000
158985000
160500000
159425000
159355000
159545000
159835000
159175000
159430000
161940000
159295000
158615000
159625000
159855000
159595000
160385000
159165000
159090000
162515000
159745000
160810000
159695000
158560000
159500000
160535000
159615000
159790000
163625000
160470000
160170000
159070000
160480000
159855000
160260000
164020000
159180000
160455000
161310000
160990000
158545000
159215000
158835000
160925000
161040000
161310000
162240000
159805000
158825000
159315000
159350000
159125000
163450000
162115000
163435000
160305000
160515000
158555000
160355000
160305000
160045000
159795000
161960000
159390000
159145000
157715000
160155000
159060000
159660000
164015000
162375000
159360000
162370000
161725000
160075000
158510000
159115000
159305000
164310000
160980000
159110000
162220000
158390000
159265000
162295000
161595000
160115000
169860000
159705000
./2022-12/wasm/auth2.wasm
13910000
10725000
8640000
8155000
10025000
8805000
13220000
13550000
9130000
9975000
9490000
8800000
10495000
8650000
9605000
9895000
8345000
8710000
12145000
10295000
10085000
8490000
8755000
9045000
8580000
8145000
9750000
9260000
8415000
9975000
8440000
10110000
12835000
9655000
12180000
9665000
8425000
8360000
8295000
8405000
8105000
9580000
8310000
8670000
8080000
8540000
9105000
8845000
8560000
9065000
8365000
10070000
8370000
8375000
8305000
8200000
8790000
8380000
8200000
8420000
8510000
8295000
8970000
9275000
10060000
9830000
9910000
9045000
9935000
8495000
8680000
8275000
8500000
8270000
8280000
9675000
8290000
10060000
8480000
9860000
8770000
8325000
9910000
8905000
8475000
8390000
8130000
9725000
8650000
9200000
8295000
8550000
8100000
8370000
9865000
8165000
8230000
8590000
8195000
9490000
./2022-12/wasm/auth3.wasm
18060000
16460000
16575000
19020000
16315000
16655000
16910000
16805000
16620000
16710000
16565000
17540000
16440000
16610000
16465000
17650000
18065000
16790000
16725000
16840000
18315000
18240000
18080000
17105000
18260000
16450000
16470000
17130000
16750000
16615000
16680000
16740000
18265000
16580000
16305000
17105000
16400000
16835000
18780000
16830000
17235000
18125000
16295000
17295000
16905000
17175000
16785000
16710000
18875000
16610000
16625000
16725000
18350000
18215000
17910000
16410000
16865000
16585000
18085000
16775000
18660000
18510000
16455000
16325000
19425000
16905000
16415000
18205000
17095000
18075000
16310000
18020000
17110000
16805000
18310000
17100000
16770000
17010000
17910000
16905000
17170000
16620000
17895000
17185000
16450000
16760000
16475000
16695000
16945000
16505000
16510000
16460000
16960000
16590000
16605000
16570000
17380000
16555000
18170000
17110000
./2022-12/wasm/auth5.wasm
86255385000
86278150000
86229985000
86494580000
86209315000
86290360000
86210165000
86230295000
86315655000
86192610000
86335050000
86427175000
86408380000
86195485000
86192485000
86247110000
86452465000
86157455000
86156870000
86452835000
86206030000
86212940000
86193530000
86280030000
86186685000
86195320000
86153675000
86140300000
86359905000
87656480000
86450320000
86164955000
86342325000
86282775000
86202860000
86219690000
86195335000
86462005000
86265635000
86236860000
86278410000
86410925000
86477045000
86159005000
86316665000
86412965000
86181485000
86302810000
86202525000
87135535000
86279115000
86205215000
86209780000
86238810000
86235650000
86431815000
86251260000
86295515000
86154480000
86198870000
86243520000
86423800000
86215560000
86258575000
86236080000
86246150000
86222120000
86249375000
86358380000
86228280000
86267705000
86223160000
86176695000
86206535000
86170100000
86288575000
86215290000
86228530000
86237435000
86197285000
86144310000
86167690000
86449730000
86170070000
86438525000
86325510000
86383940000
86177240000
86240820000
86217520000
86155330000
86361975000
86211605000
86194880000
86194815000
86232840000
86231740000
86204555000
86350365000
86337365000
./2022-12/wasm/auth6.wasm
14350000
13275000
12925000
12630000
14320000
12945000
12660000
13150000
13815000
12575000
14860000
12970000
13030000
12885000
12750000
14300000
14330000
13065000
13715000
12640000
14360000
13035000
12665000
12975000
12975000
12565000
14420000
12730000
13130000
13040000
12770000
12920000
12630000
12790000
13670000
12700000
12875000
13060000
13665000
14425000
13155000
12930000
14310000
14355000
14245000
14595000
12610000
12685000
14050000
12845000
12680000
12685000
14375000
12735000
13165000
12600000
12650000
13480000
12710000
12980000
14795000
14325000
12915000
13090000
12765000
13425000
12690000
12950000
12495000
12615000
12955000
12930000
13095000
12630000
12645000
13080000
12795000
12490000
12790000
12555000
12850000
12540000
13655000
12890000
12670000
12755000
13050000
14575000
13035000
12760000
12825000
12995000
12710000
12955000
12880000
12650000
14360000
12860000
14405000
14420000
./2022-12/wasm/auth7.wasm
44070570000
44127495000
44134840000
44061550000
44097925000
44168625000
44063025000
44124265000
44073970000
44024245000
44043785000
44094065000
44056490000
44073110000
44639620000
44071195000
44057770000
44111840000
44105395000
44027110000
44046730000
44053180000
44042410000
44033365000
44134445000
44027165000
44040950000
44030575000
44068175000
44026940000
45928420000
44262440000
44131975000
44074115000
44047810000
44027960000
44059885000
44146490000
44006560000
44109575000
44121015000
44065780000
44048405000
44059900000
44088805000
44017840000
44027435000
44118465000
44062230000
44034335000
44028575000
44192430000
44076020000
44058545000
44053465000
44392070000
44049670000
44012060000
44152295000
44038235000
44038530000
44038665000
44068595000
44141375000
44032120000
44072060000
44059395000
44148465000
44137540000
44977185000
44079740000
44095460000
44207945000
44028440000
44138340000
44103015000
44170040000
44061730000
44030545000
44089535000
44180500000
44054500000
44040350000
44032720000
44077505000
44066925000
44038070000
44177950000
44110405000
44058180000
44132460000
44143715000
44189795000
44026920000
44066470000
44030700000
44178630000
44055205000
44071890000
44175825000
