./2022-12/wasm/kdf.wasm
32990000
33885000
33740000
33010000
33010000
33085000
34460000
32990000
33135000
32980000
34380000
34005000
32980000
32960000
33020000
35245000
33355000
33960000
33455000
33340000
33145000
34495000
33000000
32995000
33600000
33000000
32945000
32955000
34705000
33600000
33065000
33550000
33790000
32980000
32950000
33010000
33150000
34520000
32965000
33075000
33555000
33870000
32980000
32965000
32995000
36170000
33360000
33025000
32985000
33055000
45160000
33840000
33665000
33045000
32940000
33020000
33975000
32955000
34365000
33300000
34670000
33890000
32915000
33035000
33055000
35725000
35565000
33005000
32945000
32995000
35120000
44640000
33145000
33470000
40530000
36925000
36085000
51515000
33890000
53365000
34990000
35115000
43955000
35910000
49545000
33350000
33045000
33585000
33745000
33010000
33005000
33030000
34485000
33635000
32990000
33020000
33210000
34425000
33070000
33025000
./2022-12/wasm/kdf_hkdf.wasm
1231750000
1231615000
1231645000
1239120000
1230880000
1232480000
1238470000
1231820000
1232505000
1233655000
1232530000
1235985000
1232435000
1238050000
1230565000
1236510000
1230770000
1233925000
1233945000
1266150000
1253705000
1232745000
1234645000
1230935000
1232360000
1232710000
1240120000
1236445000
1337200000
1252730000
1229975000
1232655000
1239070000
1231685000
1239270000
1230095000
1232955000
1231570000
1232320000
1240345000
1231615000
1230370000
1232810000
1236400000
1231145000
1304960000
1230865000
1244085000
1234655000
1330335000
1238090000
1233115000
1230945000
1235485000
1235820000
1297835000
1258750000
1230815000
1238120000
1231015000
1235960000
1230415000
1237655000
1231260000
1238715000
1231355000
1240630000
1306890000
1248175000
1235635000
1297320000
1232795000
1233345000
1234935000
1232225000
1231395000
1339225000
1236600000
1233130000
1396065000
1237725000
1231540000
1232350000
1244680000
1322185000
1230510000
1266445000
1313065000
1242795000
1233585000
1234820000
1260895000
1238065000
1234160000
1232065000
1298335000
1230395000
1232915000
1232060000
1317605000
