./2022-12/wasm/kdf.wasm
73390000
74670000
78245000
73820000
74410000
73105000
73775000
74455000
74080000
72885000
73120000
73595000
73750000
73070000
72990000
74470000
73900000
75215000
73890000
73775000
73570000
74450000
73885000
73655000
74915000
76410000
73845000
73665000
73165000
73740000
73585000
72800000
73730000
74295000
74075000
73745000
73575000
74065000
72695000
73050000
74625000
74410000
73985000
73660000
73190000
72990000
73765000
73380000
74085000
74625000
73530000
74200000
72975000
73820000
74695000
73170000
75090000
73625000
72955000
74770000
73220000
73140000
73645000
72875000
74885000
73430000
73810000
73685000
72990000
73035000
74295000
77195000
73085000
73140000
73225000
73820000
74960000
74165000
72995000
73455000
74020000
73395000
73620000
73525000
73225000
74385000
73700000
73130000
73310000
73105000
73820000
73245000
73250000
73740000
73845000
74035000
73495000
76675000
73625000
73680000
./2022-12/wasm/kdf_hkdf.wasm
2782135000
2779465000
2784030000
2777540000
2781145000
2784575000
2777520000
2782235000
2779015000
2776600000
2772505000
2778125000
2787765000
2776745000
2781055000
2777825000
2773065000
2776845000
2801160000
2773215000
2778895000
2772155000
2778360000
2780695000
2777730000
2771770000
2782150000
2776410000
2778410000
2780175000
2779165000
2810020000
2779800000
2813190000
2785785000
2780575000
2773640000
2777290000
2778285000
2785450000
2780630000
2786025000
2774690000
2777300000
2776695000
2771970000
2779345000
2775740000
2784235000
2771410000
2771520000
2771475000
2778780000
2770475000
2775970000
2771595000
2775870000
2860745000
2780155000
2777445000
2773770000
2772990000
2776290000
2774890000
2774530000
2773385000
2778025000
2784545000
2774935000
2777890000
2781685000
2778905000
2774470000
2782530000
2788435000
2878515000
2836700000
2773875000
2788425000
2775445000
2777545000
2771470000
2776235000
2780875000
2777960000
2776620000
2799500000
2773895000
2775755000
2771595000
2778135000
2771270000
2787920000
2779290000
2773230000
2772910000
2776275000
2774365000
2777395000
2780110000
