./2022-12/wasm/auth.wasm
42555000
42165000
42060000
42505000
41745000
41695000
41910000
43210000
41955000
42120000
41720000
41655000
41790000
41845000
41825000
41850000
41675000
42105000
41975000
44995000
41985000
42335000
42255000
41705000
41835000
41750000
41905000
41610000
41830000
42090000
50935000
41990000
41665000
41730000
42245000
41695000
41695000
41670000
41715000
41665000
41740000
41795000
41745000
42110000
41835000
42065000
42415000
42055000
43025000
41625000
41750000
41860000
44350000
42270000
42680000
41830000
42100000
42355000
41675000
41735000
42450000
43100000
41710000
41610000
42015000
41950000
41880000
42005000
41650000
41600000
43585000
41825000
41710000
41720000
42385000
41835000
42315000
41695000
42240000
42260000
41740000
41855000
41890000
41675000
41620000
41945000
41820000
41740000
41800000
41860000
42155000
42200000
41680000
42180000
42145000
41860000
41940000
41695000
41640000
41800000
./2022-12/wasm/auth2.wasm
2150000
2130000
2130000
2145000
2130000
2125000
2130000
2130000
2200000
2140000
2150000
2130000
2130000
2165000
2135000
2130000
2150000
2145000
2130000
2145000
2145000
2145000
2130000
2130000
2135000
2770000
2155000
2130000
2465000
2140000
2155000
2130000
2135000
2150000
2125000
2135000
2145000
2125000
2140000
2130000
2170000
2170000
2135000
2135000
2170000
2150000
2175000
2150000
2175000
2140000
2155000
2140000
2130000
2155000
2125000
2130000
2125000
2125000
2140000
2170000
2135000
2145000
2130000
2130000
2150000
2130000
2130000
2140000
2130000
2200000
2135000
2140000
2135000
2130000
7500000
2130000
3020000
3425000
2155000
2140000
2425000
2650000
2450000
2280000
2230000
4475000
3630000
2580000
2245000
2170000
2415000
17920000
3505000
3175000
2565000
3690000
2620000
3350000
3165000
3710000
./2022-12/wasm/auth3.wasm
4330000
4330000
4355000
4605000
4320000
4315000
4305000
4365000
4315000
4370000
4375000
4305000
4315000
4335000
4830000
4320000
4325000
4555000
4315000
4340000
4325000
4390000
4315000
4355000
4320000
4315000
4410000
4320000
4355000
4340000
4310000
4600000
4345000
4370000
4300000
4340000
4335000
4340000
4605000
4365000
4325000
4385000
4320000
4315000
4315000
4325000
4350000
4310000
4305000
4355000
4315000
4315000
4345000
4315000
4320000
4365000
4320000
4320000
4315000
4315000
4320000
4340000
4315000
5700000
4325000
4375000
4320000
4665000
4360000
4380000
4335000
4320000
4315000
4330000
4315000
4355000
4370000
4305000
4310000
4330000
4545000
4345000
4355000
4840000
4310000
4330000
4310000
4715000
4350000
4335000
4315000
4335000
4315000
4875000
4315000
4400000
4330000
4335000
4370000
4325000
./2022-12/wasm/auth5.wasm
21737585000
21725170000
21740835000
21701670000
21714270000
21729940000
21707060000
21728715000
21715765000
21710255000
21738820000
21714470000
21703950000
21755130000
21817390000
21725290000
21735360000
21738555000
21729075000
21709140000
21719260000
21810485000
21726875000
21721685000
21734610000
21735875000
21775600000
21719860000
21717460000
21713825000
21710380000
21752845000
21726895000
21715165000
21742825000
21762555000
21729020000
21725410000
21720040000
21714400000
21749225000
21719970000
21710430000
21710915000
21730745000
21705075000
21771635000
21707595000
21730825000
21732485000
21757715000
21722125000
21701770000
21734315000
21760540000
21711735000
21720100000
21740405000
21728050000
21723190000
21736350000
21726330000
21734255000
21721005000
21730500000
21735005000
21720110000
21726405000
21719020000
21713545000
21760975000
21722810000
21706210000
21707130000
21732540000
21729760000
21716685000
21723655000
21721150000
21737575000
21714675000
21738635000
21716070000
21711960000
21791445000
21721785000
21719810000
21738940000
21729390000
21752020000
21707770000
22817730000
21754725000
21726790000
21740110000
21724300000
21749440000
21731135000
21757325000
21761405000
./2022-12/wasm/auth6.wasm
3465000
3455000
3410000
3400000
3420000
3440000
3470000
3570000
3395000
3420000
3615000
3415000
3405000
3445000
3465000
3460000
3420000
3405000
3420000
3440000
3430000
3415000
3450000
3410000
3450000
3565000
3430000
3525000
3405000
3405000
3430000
3455000
3410000
3470000
3475000
3500000
3400000
3430000
3400000
3415000
3415000
3445000
3445000
3425000
3435000
3465000
3400000
3400000
3425000
3455000
3395000
3410000
3410000
3420000
3435000
3440000
3455000
3405000
3435000
3415000
3420000
3410000
3450000
3465000
3485000
3405000
3415000
3435000
3400000
3410000
3450000
3420000
3435000
3420000
3410000
3955000
5740000
6115000
3405000
3400000
3455000
3405000
3425000
3720000
3400000
3400000
3410000
3410000
3440000
3445000
3420000
3470000
3560000
3415000
3415000
3415000
3405000
3415000
3410000
3400000
./2022-12/wasm/auth7.wasm
11569575000
11631040000
11569250000
11568810000
11620120000
11571205000
11592595000
11577210000
11565190000
11564540000
11571180000
11582430000
11564285000
11637795000
11564360000
11576530000
11577435000
11586190000
11598785000
11812445000
11565925000
11574255000
11576865000
11651585000
11586795000
11568520000
11583190000
11573100000
11568135000
11586480000
11578105000
11593725000
11571455000
11574330000
11561505000
11578900000
11576695000
11579125000
11578540000
11583245000
11572045000
11566925000
11572265000
11574780000
11577370000
11572835000
11580740000
11585210000
11585990000
11564220000
11608225000
11576070000
11575290000
11566795000
11567845000
11620870000
11627175000
11564425000
11578415000
11586080000
11574830000
11579995000
11555455000
11578055000
11585100000
11573630000
11583685000
11573980000
11581535000
11570860000
11574790000
11567560000
11567440000
11573590000
11569040000
11588745000
11581755000
11573210000
11586860000
11584900000
11588830000
11608305000
11559905000
11604570000
11576185000
11576490000
11570620000
11580520000
11576520000
11588220000
11634520000
11589480000
11594890000
11578235000
11558225000
11573625000
11569470000
11567495000
11574585000
11577755000
