./2022-12/wasm/metamorphic.wasm
87950395000
88092445000
87988590000
88133760000
88111140000
88058425000
87958915000
88072135000
88007165000
88212950000
87933955000
88138070000
88337125000
88131490000
88273985000
88881280000
88509330000
88212420000
88062220000
88136080000
89901615000
88082505000
90445575000
87931880000
88311960000
87992375000
87994610000
88032785000
88324775000
88107680000
87936595000
87977645000
88131600000
88045865000
87899230000
87956435000
87999525000
87918700000
87996255000
88047230000
88174755000
88100520000
87951700000
88044900000
87937140000
88105345000
88172210000
87947935000
87881645000
88005165000
87982110000
87970125000
88116600000
87936920000
88064120000
88204125000
87963405000
87966360000
87991240000
88046435000
87999560000
87982010000
88128050000
88078630000
88090930000
87966205000
87947585000
88078210000
88015360000
87929620000
88142650000
88119495000
88069830000
88198900000
88007920000
87997015000
88069055000
87939765000
87993985000
88041820000
88050980000
87964335000
87883335000
87866135000
87984300000
87960890000
89337580000
88097795000
88006195000
88129160000
88058460000
88026255000
88115465000
88114090000
88174885000
87941240000
88013680000
88017905000
87889265000
87966530000
