./2022-12/wasm/generichash.wasm
517585000
518110000
517820000
519390000
517970000
518580000
517860000
516430000
516820000
518920000
518850000
516540000
518200000
519525000
518475000
517190000
517020000
525055000
517020000
518890000
519035000
518710000
518465000
516850000
516000000
520735000
518265000
518610000
518590000
516950000
518180000
524795000
518655000
517610000
519375000
517830000
517530000
520775000
516895000
523810000
524795000
518855000
517835000
518155000
518495000
519125000
516555000
524840000
516775000
518055000
522400000
516390000
518890000
517345000
518125000
518725000
518375000
518640000
537895000
517630000
519370000
519440000
523675000
520265000
517435000
518040000
526350000
516870000
518700000
516405000
524225000
520470000
516510000
520385000
526570000
518850000
518080000
519240000
524580000
525720000
517420000
516905000
518275000
517460000
519495000
520455000
519575000
519030000
518740000
516890000
525360000
517750000
518405000
517850000
517020000
517830000
518475000
519290000
518600000
519385000
./2022-12/wasm/generichash2.wasm
48425000
42730000
42360000
42490000
42415000
43985000
43655000
42785000
43280000
43075000
42335000
42435000
42375000
42300000
44265000
43850000
43000000
43130000
43765000
43235000
42495000
42485000
42145000
42695000
43535000
42490000
43195000
43195000
43345000
42470000
42390000
44265000
43205000
42680000
48915000
43085000
42720000
42415000
42345000
42400000
44300000
48500000
43820000
42695000
42535000
42395000
42390000
42675000
43500000
44835000
44025000
43230000
42370000
42915000
42470000
42405000
42370000
50950000
43770000
46805000
43660000
43075000
42335000
42395000
42535000
42925000
43980000
42525000
48750000
42615000
42340000
42375000
42385000
43100000
48755000
43430000
42500000
42330000
42615000
42380000
42315000
42260000
42295000
43325000
43595000
43255000
43740000
42685000
42805000
42305000
42360000
42420000
42345000
42335000
43425000
42770000
42475000
43290000
43005000
43195000
./2022-12/wasm/generichash3.wasm
42740000
45160000
43030000
43570000
43115000
42960000
42365000
42695000
42605000
42410000
50945000
42430000
42520000
43335000
43615000
43325000
43365000
43370000
42465000
42615000
42455000
42390000
45300000
42830000
44165000
42935000
42450000
42535000
42460000
42670000
43825000
42650000
43925000
43085000
42480000
42600000
42385000
43065000
43905000
43505000
43635000
42735000
43755000
44200000
43250000
42410000
42630000
42530000
43805000
43085000
43895000
43125000
42490000
42490000
42360000
42360000
47475000
42710000
43515000
42835000
42450000
42365000
43800000
45080000
43450000
43280000
42925000
42565000
42420000
43150000
43325000
43300000
43915000
45085000
43225000
43230000
43025000
50990000
42390000
42405000
42445000
42520000
43235000
50310000
43560000
42915000
43660000
42735000
42380000
42475000
44525000
42395000
43035000
43400000
44420000
43465000
43760000
43115000
43610000
42990000
