./2022-12/wasm/onetimeauth7.wasm
8366365000
8352735000
8401325000
8356365000
8357190000
8339000000
8345975000
8346345000
8333965000
8349435000
8353525000
8342610000
8337865000
8346215000
8351125000
8330400000
8324495000
8341480000
8342030000
8375935000
8355260000
8339825000
8341385000
8366450000
8346555000
8348835000
8341890000
8357700000
8363670000
8360590000
8334055000
8339045000
8366850000
8408440000
8358050000
8349470000
8456535000
8387540000
8496895000
8350865000
8336385000
8354475000
8348460000
8342165000
8356570000
8383090000
8362495000
8354310000
8360450000
8415170000
8363845000
8353445000
8346880000
8347060000
8335015000
8346680000
8379455000
8340185000
8527385000
8379600000
8345120000
8321780000
8329975000
8527545000
8361900000
8346215000
8350540000
8329235000
8366940000
8404185000
8350545000
8343345000
8353560000
8340915000
8336925000
8355320000
8379680000
8352020000
8363555000
8378105000
8346195000
8340085000
8354880000
8353635000
8422775000
8348660000
8369675000
8354875000
8370545000
8348375000
8354060000
8350190000
8377200000
8337995000
8367635000
8367190000
8347525000
8343305000
8348930000
8517955000
