./2022-12/wasm/kx.wasm
14692220000
14659205000
14659740000
14656330000
14651400000
14668635000
14649820000
14673520000
14665430000
14671130000
14674180000
14670045000
14683145000
14677185000
14675415000
14669255000
14663835000
14718355000
14661950000
14764015000
14668310000
14682240000
14672635000
14658275000
14667730000
14672540000
14668725000
14687010000
14661615000
14677955000
14674995000
14652370000
14670055000
14654840000
14677830000
14671625000
14661845000
14674475000
14668710000
14671870000
14770655000
14660730000
14650390000
14677330000
14670260000
14657330000
14656410000
14677365000
14677960000
14699150000
14652135000
14686665000
14672565000
14678840000
14649185000
14669595000
14883755000
15876740000
14680035000
14649870000
14676405000
14677055000
14674435000
14647060000
14671260000
14658775000
14655175000
14659215000
14672925000
14636365000
14645185000
14661710000
14658020000
14681875000
14680060000
14688055000
14660275000
14671530000
14662320000
14644595000
14713375000
14661185000
14660170000
14672135000
14683300000
14676405000
14670845000
14665965000
14647030000
14682835000
14664770000
14698245000
14671920000
14676600000
14640015000
14675565000
14670695000
14670655000
14664905000
14646585000
