./2022-12/wasm/kx.wasm
4000835000
3991905000
3987315000
4034450000
3987045000
3998800000
3994585000
3991595000
3994970000
3987610000
3996600000
3998385000
3990730000
3991350000
4003435000
4005835000
3997070000
3997255000
3997135000
3999890000
4004360000
4004850000
4004215000
3988455000
3996590000
4005830000
3993845000
3998110000
3997780000
4001050000
3991780000
3993920000
4005030000
4004640000
3990705000
4001295000
3994045000
3996000000
3995440000
3996305000
3999255000
3999220000
4002600000
3991600000
3997900000
3995080000
3992300000
4004890000
3990020000
3991365000
3989120000
3996230000
3997950000
3996750000
3998360000
4018855000
3995470000
3997510000
3993585000
3997530000
3996115000
3995805000
3996565000
3997270000
4009470000
4001245000
4004615000
4003910000
3998935000
4007950000
3992535000
3999125000
4004105000
3996675000
4006835000
3995200000
4039805000
3989345000
3994860000
4004760000
3997820000
3996350000
4006205000
3990430000
3996210000
3994495000
3997380000
3990460000
3998025000
4006590000
3991960000
3992890000
3989860000
3995270000
4007150000
4001195000
3991120000
4004880000
3996705000
3990350000
