./2022-12/wasm/aead_aegis128l.wasm
9531920000
9122750000
9154720000
8855510000
9162540000
9554330000
9024900000
8977185000
9191405000
9325435000
9107085000
9090655000
8923770000
9173460000
8861555000
9174130000
9108800000
9192840000
9049825000
8911700000
9147105000
9243665000
9001290000
9237840000
9200210000
9307195000
8837870000
9298405000
9224430000
9235935000
9103860000
9052830000
8996685000
9167155000
9520425000
9293180000
8895220000
9172080000
9183180000
9283285000
9320230000
9185555000
9178005000
8895900000
9201875000
8909465000
8859835000
9033060000
9252185000
8906920000
9265805000
9192330000
9458275000
9007245000
9088575000
8996215000
9335040000
9052915000
9133565000
9239560000
9173835000
9110900000
8967605000
8802000000
9325960000
9021180000
9415605000
9201355000
8937470000
9116615000
9232465000
8995135000
9126950000
8923765000
9201850000
9320475000
9054385000
8936410000
8956065000
9249535000
9140750000
9176630000
9387435000
9085935000
9306365000
9216355000
9230605000
9089025000
9183020000
8829700000
8959660000
9142215000
9342595000
9046045000
9150120000
9101115000
9388285000
9377485000
8994535000
9017500000
./2022-12/wasm/aead_aegis256.wasm
9877075000
10055575000
10134600000
10538940000
9996080000
10016405000
10118210000
10036840000
9660540000
9915385000
9975205000
9882835000
10055690000
9937615000
10109005000
10061335000
10065120000
9897680000
9684020000
9972035000
9988935000
9895650000
10365380000
9690895000
10069635000
10103440000
9887790000
10047470000
9975440000
10044100000
9841655000
10242315000
10404075000
10056360000
10270475000
10288975000
10076850000
10116665000
10067515000
9971465000
10116525000
9894480000
9957130000
10110630000
9989905000
10137180000
10160045000
10109465000
9840385000
10099090000
9821455000
10060730000
9846160000
10166875000
9846830000
10013965000
10011715000
9988450000
10024410000
9880685000
9901085000
9880530000
10167080000
10146740000
9984530000
10049265000
9960280000
10228585000
10051795000
10113275000
10188500000
9891665000
10224365000
9865500000
10045875000
10231265000
10192025000
10047320000
10197605000
10005045000
10118300000
10002455000
9988190000
10165190000
9873355000
10258540000
9993355000
10027270000
10159670000
10336030000
10056355000
10156720000
10022870000
10159590000
10063770000
10193355000
10083495000
9914660000
10280350000
10086150000
./2022-12/wasm/aead_chacha20poly1305.wasm
339645000
407825000
367015000
423505000
361520000
383470000
381355000
467365000
531750000
476825000
327215000
452465000
398550000
375975000
357600000
522735000
458920000
354720000
422190000
456925000
433565000
326830000
386905000
421845000
496060000
404625000
348110000
330555000
398875000
472210000
329820000
339795000
352825000
350820000
345900000
412410000
413530000
397520000
405610000
332695000
375075000
398400000
377565000
362805000
403450000
362210000
462180000
329660000
454195000
435035000
371995000
397500000
363920000
479295000
398790000
409075000
472175000
412220000
377545000
428775000
381220000
328985000
440015000
411180000
324095000
333675000
375530000
342075000
445640000
426765000
429095000
395730000
419085000
360905000
353940000
369795000
461365000
453615000
422835000
413905000
385110000
432415000
381525000
370960000
348130000
401575000
343665000
388465000
364180000
352580000
399735000
410295000
337375000
347065000
374235000
328370000
450915000
441770000
353300000
369550000
./2022-12/wasm/aead_chacha20poly13052.wasm
799430000
804745000
686875000
673165000
788005000
708800000
684130000
740675000
702685000
715425000
816825000
722685000
683705000
697255000
700585000
697815000
677205000
701650000
744990000
752420000
668000000
650800000
746870000
706815000
706545000
761920000
737795000
758895000
759025000
742905000
746910000
667455000
782620000
669610000
667975000
645315000
720790000
804620000
732670000
724990000
740820000
644440000
659075000
785835000
736645000
738860000
675020000
702720000
793440000
747020000
787430000
687720000
660715000
778565000
782800000
742405000
756235000
767770000
672070000
701610000
767160000
688490000
673940000
667040000
725280000
784295000
727745000
706730000
642405000
751460000
790700000
776240000
685990000
718000000
730585000
695190000
790440000
820890000
745280000
704895000
682655000
694970000
835130000
758985000
746650000
685945000
649915000
681690000
735110000
704390000
747585000
750060000
801080000
729710000
764215000
870465000
811225000
789805000
683730000
662160000
./2022-12/wasm/aead_xchacha20poly1305.wasm
381975000
412620000
357680000
397560000
335675000
393895000
336905000
379570000
367535000
347630000
400625000
329675000
376840000
344370000
404265000
341765000
480385000
412845000
324180000
353955000
363305000
448615000
448835000
385835000
375505000
357990000
359320000
340165000
376185000
378500000
327115000
461135000
360995000
341540000
341985000
429925000
397530000
413650000
350155000
336610000
329225000
343760000
379270000
418570000
404850000
360775000
393865000
344900000
335805000
326585000
438150000
361745000
327790000
346625000
434270000
368155000
364030000
402890000
381260000
347505000
399535000
421560000
433065000
357115000
366080000
479355000
343105000
368950000
341535000
363345000
395095000
324135000
444095000
408525000
392710000
439050000
381740000
404685000
373885000
331375000
328980000
374245000
407445000
397225000
417440000
330550000
349140000
442285000
352545000
329560000
344270000
367860000
396525000
332895000
359600000
342355000
357455000
363815000
351655000
363815000
