./2022-12/wasm/generichash.wasm
1492875000
1427670000
1276505000
1276855000
1314170000
1365410000
1561005000
1498080000
1402645000
1423735000
1379525000
1570925000
1445435000
1386305000
1434930000
1442760000
1417200000
1310330000
1405760000
1396350000
1348130000
1470205000
1306890000
1562625000
1410890000
1463720000
1374335000
1335025000
1453230000
1397315000
1457335000
1412135000
1411310000
1359650000
1353085000
1358225000
1443325000
1391375000
1348260000
1455100000
1283200000
1412520000
1287960000
1308695000
1399900000
1384980000
1414195000
1402385000
1373255000
1427255000
1445380000
1431115000
1383640000
1344480000
1427315000
1415340000
1506935000
1382405000
1671445000
1498485000
1527870000
1384320000
1232640000
1352840000
1401070000
1406310000
1335220000
1481645000
1383475000
1404725000
1399490000
1367395000
1445305000
1500660000
1328820000
1344535000
1511910000
1357560000
1346915000
1565325000
1315590000
1354375000
1445540000
1383280000
1461705000
1451180000
1306400000
1248425000
1555330000
1896075000
1342510000
1355215000
1283770000
1406190000
1364035000
1349075000
1422505000
1324570000
1302885000
1310010000
./2022-12/wasm/generichash2.wasm
66240000
70000000
67315000
66080000
91960000
87505000
66605000
67335000
86720000
66480000
77355000
69220000
79200000
66400000
69805000
67000000
120250000
97035000
66220000
66410000
75155000
84640000
101090000
66925000
67165000
96195000
66835000
84265000
67435000
78245000
75215000
89505000
67705000
67265000
67675000
67570000
105700000
96875000
87400000
66025000
95250000
67815000
110905000
75250000
67030000
66840000
68465000
97170000
66840000
66660000
69870000
67350000
69910000
69430000
67020000
66815000
94850000
67450000
102720000
88945000
67315000
66050000
68580000
67790000
93210000
66515000
68355000
103825000
126500000
67315000
107285000
66540000
66625000
68715000
69000000
80020000
94815000
69585000
86955000
67920000
65805000
74900000
90645000
67785000
67575000
67635000
78860000
68900000
77075000
82930000
97480000
67285000
66930000
68295000
66215000
67125000
83180000
82265000
97480000
104935000
./2022-12/wasm/generichash3.wasm
69635000
93015000
79495000
86800000
68560000
73540000
77335000
72535000
86785000
99350000
76050000
76235000
112465000
111950000
88505000
69285000
68550000
78585000
80385000
83435000
71500000
110595000
83005000
71425000
74080000
99410000
70370000
67680000
69930000
70450000
90540000
70050000
72580000
74185000
73080000
68775000
74885000
72315000
93645000
71505000
71640000
72730000
90435000
83740000
84180000
84530000
68375000
113285000
75080000
68165000
86225000
68855000
93860000
108995000
87295000
86145000
70170000
117760000
86070000
111490000
74670000
78815000
70420000
97910000
68910000
70330000
81160000
100610000
88580000
84590000
83890000
71320000
69635000
68750000
74130000
68460000
88945000
74065000
98125000
68220000
108755000
69275000
72860000
73285000
110455000
106780000
103105000
72470000
84050000
69975000
70055000
77925000
110145000
68725000
90230000
76165000
75650000
69655000
68535000
94405000
