./2022-12/wasm/auth.wasm
77970000
70245000
73305000
71180000
73925000
71755000
70180000
74565000
70905000
74095000
76500000
71815000
72600000
72150000
69580000
72150000
71240000
78925000
70480000
73500000
70760000
73505000
70810000
79290000
78650000
70450000
70170000
70575000
73190000
70020000
73875000
69535000
71200000
74485000
75080000
71660000
74110000
76810000
74870000
74500000
78800000
71295000
74230000
71235000
69470000
78690000
78310000
70350000
76055000
72865000
76045000
85565000
74550000
77420000
75600000
76515000
70275000
69635000
74350000
71705000
74195000
74785000
70775000
72040000
83585000
69800000
70810000
74560000
70630000
71290000
73175000
77040000
70315000
75880000
73325000
76795000
71385000
95550000
71025000
71260000
71990000
69840000
73955000
71145000
69405000
71360000
73420000
70920000
70345000
77545000
89880000
70825000
75075000
71470000
72015000
73535000
75400000
72800000
73045000
77370000
./2022-12/wasm/auth2.wasm
13055000
13100000
21690000
19285000
13470000
13235000
13170000
13840000
16425000
13235000
13210000
20685000
15645000
13770000
13280000
13445000
16175000
15220000
13145000
13190000
13105000
13190000
13680000
13180000
15825000
13155000
21800000
13370000
13245000
13900000
17535000
21585000
13910000
15795000
20425000
13150000
19485000
15370000
16855000
13085000
13190000
13045000
14305000
13160000
20400000
14520000
13345000
13140000
13130000
13150000
20925000
21610000
15130000
13130000
13355000
20280000
21020000
13165000
13645000
16545000
14570000
13655000
16710000
14205000
13430000
13150000
13160000
13160000
13105000
13095000
16900000
13440000
13385000
13475000
13395000
18950000
14950000
13320000
14515000
13145000
13180000
13420000
19815000
21465000
13145000
13170000
23690000
13335000
16950000
13865000
13655000
16785000
27120000
16550000
19430000
15920000
16280000
13100000
13170000
13225000
./2022-12/wasm/auth3.wasm
21220000
22285000
22720000
21335000
23095000
23660000
22250000
22355000
22730000
21400000
22370000
23105000
22140000
22265000
27235000
22150000
21450000
21245000
22225000
23270000
21950000
21635000
24045000
31450000
21730000
25520000
28780000
22275000
22005000
23355000
22745000
24205000
22785000
22365000
22570000
21580000
23025000
28400000
21620000
25220000
21405000
21600000
29115000
25290000
21310000
21375000
22250000
29220000
22075000
21310000
21675000
22250000
27095000
21335000
21850000
21730000
21350000
29505000
21255000
21750000
21615000
21525000
21595000
28355000
22575000
22385000
21335000
22050000
22690000
24240000
28860000
23080000
31870000
21525000
21255000
21660000
21595000
21555000
21345000
26110000
21575000
21500000
22615000
21425000
21950000
24740000
23665000
28620000
22250000
22955000
23590000
21510000
27965000
26885000
21465000
26475000
22435000
21325000
23735000
22230000
./2022-12/wasm/auth5.wasm
22437915000
22495590000
22505085000
22459270000
22523550000
22523965000
22502420000
22575735000
22493360000
22471985000
22458990000
22527830000
22568065000
22483305000
22642585000
22478990000
22510160000
22476315000
22545620000
22432985000
22494565000
22463095000
22456285000
22597340000
22474880000
22478525000
22557575000
22522110000
22473095000
22460460000
22593070000
22682735000
22469090000
22718765000
22528440000
22501295000
22479960000
22538955000
22463450000
22474065000
23510240000
23682240000
23398955000
22480290000
22566865000
22465055000
22440480000
22594795000
22464140000
22452990000
22484345000
22420320000
22402635000
23097465000
22414625000
22456250000
22478965000
22454890000
22436085000
22495935000
22427415000
22466265000
22497835000
22436780000
22492670000
22452640000
22475395000
22522880000
22489370000
22470310000
22430805000
22420655000
22384145000
22433435000
22420005000
22467735000
22407665000
22566155000
22429030000
22442730000
22448360000
22440475000
22413385000
22492915000
22432060000
22591685000
22550460000
22463385000
22463715000
22409030000
22396900000
22497260000
22430890000
22425985000
22440430000
22447300000
22669125000
22666725000
22512220000
22411320000
./2022-12/wasm/auth6.wasm
20990000
19140000
20660000
19350000
19620000
18655000
21980000
21270000
19525000
19585000
19490000
19105000
19135000
22860000
21200000
19275000
19315000
19310000
19420000
20700000
19515000
22540000
22145000
19745000
19220000
18555000
22610000
20435000
19290000
17985000
19335000
20655000
19350000
22000000
21175000
20325000
19360000
19255000
22140000
27700000
19160000
19270000
19560000
19475000
19150000
19205000
19155000
22000000
18615000
19275000
19260000
20465000
19500000
26245000
22850000
19105000
19160000
19600000
19360000
21000000
21390000
19425000
19490000
19305000
22480000
19290000
22560000
19730000
20640000
19670000
28125000
19290000
21280000
19815000
19320000
19350000
19680000
21305000
19415000
19695000
19120000
19455000
18730000
21175000
19235000
23120000
18165000
21760000
19125000
19335000
19605000
19395000
18205000
21065000
19495000
19000000
18100000
19415000
21945000
20280000
./2022-12/wasm/auth7.wasm
11636155000
11645955000
12177630000
11770475000
11641880000
11723100000
11640055000
11604335000
11593530000
11592530000
11657100000
11566165000
11642825000
11658785000
11574175000
11578055000
11592900000
11663860000
11645270000
11572450000
11592470000
11616995000
11604635000
11704670000
11588705000
11625850000
11627860000
11746060000
11609560000
11593750000
11633345000
11610475000
11705585000
11649425000
11600575000
11600090000
11576905000
11578565000
11602815000
11626920000
11646105000
11644460000
11639450000
11616195000
11626060000
11632010000
11649015000
11607525000
11603120000
11586840000
11622710000
11623160000
11655835000
11572580000
11769820000
11585395000
11656540000
11629150000
11634690000
11593870000
11610095000
11633590000
11651555000
11627095000
11692810000
11648025000
11641375000
11624795000
11599795000
11626465000
11626615000
11625440000
11681280000
11581195000
11640830000
11611165000
11583980000
11620865000
11682400000
11626960000
11985535000
11775465000
11622050000
11623830000
12773840000
11612095000
11691845000
11584825000
11641845000
11672380000
11643410000
11580570000
11684730000
11634760000
11654260000
11678520000
11582400000
11599640000
11630830000
11731455000
