./2022-12/wasm/generichash.wasm
609905000
602105000
609495000
600515000
603365000
599490000
603510000
619950000
608870000
606355000
590245000
598600000
597245000
619995000
602505000
605495000
598500000
597140000
602340000
603675000
596965000
610040000
597430000
606430000
601575000
595175000
594290000
595780000
596270000
600045000
595965000
606900000
607115000
601955000
594785000
608630000
602500000
596225000
597145000
594580000
596580000
597065000
596445000
607720000
598940000
599010000
596415000
593315000
596865000
595610000
593560000
595215000
595350000
598070000
595405000
592820000
599965000
596670000
595445000
593630000
617215000
604010000
593320000
595350000
597405000
604220000
601360000
594380000
595215000
615165000
593830000
594115000
597930000
607375000
593335000
599780000
594930000
597670000
607070000
593740000
605545000
605695000
595330000
596700000
598090000
602035000
598855000
596520000
596470000
609010000
598075000
600470000
594475000
597090000
597460000
594775000
601925000
597230000
601995000
613320000
./2022-12/wasm/generichash2.wasm
66290000
69200000
66060000
64750000
64290000
65155000
63125000
64545000
63840000
66105000
66135000
64375000
68350000
64795000
64040000
64900000
64060000
64840000
64635000
74010000
64050000
64295000
64810000
65240000
64030000
65370000
66720000
64500000
65205000
74665000
63810000
63930000
64435000
65175000
64760000
65190000
64580000
75205000
64090000
64605000
64235000
63960000
64100000
64070000
64660000
64085000
64155000
64515000
64290000
65410000
64185000
64660000
64660000
71060000
63870000
64275000
63860000
63470000
64760000
63980000
66100000
65715000
64410000
69925000
64505000
63935000
72030000
64530000
64195000
64755000
72165000
65605000
64080000
64160000
64295000
64015000
64735000
64250000
64650000
73965000
63990000
64245000
64180000
64525000
65110000
64480000
63660000
64700000
64200000
67675000
64130000
64630000
64315000
64305000
73625000
64110000
65065000
63905000
64190000
64110000
./2022-12/wasm/generichash3.wasm
64060000
63085000
63780000
63420000
65740000
64125000
64115000
64535000
74685000
63590000
63850000
64610000
63755000
69095000
64525000
64350000
64295000
71950000
63955000
63840000
68600000
63490000
63835000
63735000
65715000
71150000
64350000
63545000
63850000
63955000
63750000
64090000
66630000
68395000
63295000
73650000
63115000
65105000
63930000
63705000
63915000
63860000
66120000
65510000
67875000
64015000
63380000
64830000
65900000
64020000
64525000
69630000
64565000
63500000
65145000
63375000
63805000
66890000
64345000
64200000
64580000
64240000
63825000
64150000
63765000
64440000
63385000
64315000
66010000
64200000
64080000
64520000
64400000
63795000
64935000
64820000
66710000
66325000
64120000
63860000
63905000
63660000
63495000
64185000
74475000
63840000
64170000
64685000
64640000
63955000
63855000
63345000
63450000
65145000
68130000
66845000
63690000
63900000
63280000
63125000
