./2022-12/wasm/onetimeauth7.wasm
7392255000
7395650000
7406830000
7414105000
7385740000
7397515000
7402870000
7387510000
7400100000
7543450000
7396380000
7387180000
7477525000
7409440000
7397015000
7419055000
7390870000
7399905000
7390070000
7389365000
7377555000
7398450000
7397280000
7392830000
7430140000
7395430000
7381280000
7402950000
7401260000
7808555000
7384180000
7391825000
7398740000
7520260000
7434495000
7398735000
7396280000
7399585000
7396040000
7382390000
7390970000
7403695000
7403260000
7392085000
7408335000
7399105000
7432685000
7376565000
7416740000
7407125000
7393730000
7407550000
8240295000
7394940000
7401165000
7400070000
7396060000
7410430000
7404390000
7402935000
7405650000
7401395000
7395540000
9927990000
11529315000
7446970000
7495405000
7491925000
7488170000
7426275000
7500710000
7516060000
7459445000
7398835000
7436355000
7420555000
7424110000
7411505000
7391810000
8541400000
7486400000
7421215000
7392730000
7416860000
7409945000
7393605000
7450460000
7403090000
7393360000
7451545000
7400220000
7822620000
7391915000
7420185000
8207100000
7681845000
7408800000
7391985000
7410225000
7636565000
