./2022-12/wasm/kdf.wasm
63405000
64335000
66905000
62635000
58545000
62315000
59255000
57950000
62570000
71705000
71600000
58915000
58100000
77300000
63130000
69945000
62255000
59360000
62610000
74795000
63430000
66960000
63090000
57855000
74125000
63455000
62710000
60905000
75335000
62560000
67845000
63465000
62605000
61435000
67550000
59420000
57700000
71570000
70500000
62925000
61495000
73110000
62900000
65170000
66215000
59050000
64950000
61875000
74810000
70835000
60540000
61670000
62095000
62430000
60855000
65305000
60465000
63580000
62660000
72350000
58955000
73835000
59905000
70210000
59870000
63145000
67315000
63295000
69025000
68130000
65330000
63100000
61420000
62745000
59420000
61710000
74705000
70460000
64765000
62810000
62840000
67015000
59300000
63970000
59465000
62845000
62855000
61660000
73970000
61610000
83475000
62650000
67305000
59120000
66835000
66535000
65365000
58405000
64910000
57425000
./2022-12/wasm/kdf_hkdf.wasm
1327940000
1320470000
1333140000
1335570000
1315805000
1343145000
1328945000
1332870000
1317580000
1325550000
1332940000
1316330000
1317295000
1323595000
1319135000
1318005000
1330550000
1318260000
1323385000
1334405000
1339490000
1317505000
1318565000
1333190000
1323890000
1327280000
1343765000
1334540000
1316710000
1332355000
1316425000
1328465000
1322750000
1314710000
1322640000
1329380000
1343655000
1319895000
1330585000
1332720000
1321105000
1332590000
1324085000
1324215000
1358630000
1335970000
1313990000
1318265000
1329020000
1318035000
1330750000
1327895000
1325705000
1345930000
1336810000
1321090000
1331770000
1319865000
1320560000
1335250000
1332090000
1333395000
1328520000
1315990000
1323705000
1331105000
1320715000
1326005000
1318585000
1413010000
1320150000
1320590000
1321935000
1322040000
1338000000
1328380000
1416745000
1314990000
1328880000
1341200000
1325155000
1339430000
1319980000
1341870000
1333675000
1324805000
1314050000
1330220000
1319775000
1317995000
1326120000
1317245000
1317710000
1318255000
1322980000
1315515000
1322755000
1329070000
1334505000
1317885000
