./2022-12/wasm/kdf.wasm
51865000
55200000
55570000
60585000
61055000
60880000
61115000
52165000
49880000
61375000
62940000
61675000
61305000
51780000
52180000
48775000
61305000
61855000
61040000
60720000
54965000
89510000
95260000
75540000
73400000
75575000
78410000
74635000
74610000
74460000
75030000
85490000
77050000
75725000
60070000
60325000
60470000
60145000
60745000
56030000
61845000
51465000
61195000
64830000
60265000
59155000
61085000
49465000
51630000
63065000
61440000
60300000
60310000
49110000
58850000
60250000
60820000
64825000
55645000
62020000
61085000
61400000
60420000
54540000
61335000
65445000
61880000
70755000
60010000
54795000
49865000
60800000
49075000
65540000
61490000
49715000
48895000
63565000
60645000
54815000
52620000
51245000
51120000
51035000
50530000
60965000
60715000
63625000
60090000
49490000
57565000
60025000
52615000
52090000
49755000
49340000
50990000
60895000
54265000
61355000
./2022-12/wasm/kdf_hkdf.wasm
1093015000
1149010000
1089625000
1091090000
1097390000
1112790000
1092820000
1096685000
1094120000
1115180000
1096090000
1090190000
1099400000
1094740000
1100615000
1090325000
1092095000
1092775000
1098030000
1096085000
1104155000
1098370000
1094720000
1088050000
1089960000
1088035000
1092650000
1090485000
1093240000
1091195000
1088020000
1107245000
1087810000
1135745000
1090385000
1090455000
1089430000
1088385000
1101290000
1094080000
1095125000
1095200000
1113395000
1092360000
1089170000
1094465000
1101290000
1109495000
1088525000
1093675000
1100875000
1090130000
1098055000
1090360000
1092465000
1093975000
1098000000
1093915000
1094495000
1094715000
1094835000
1101890000
1093680000
1099535000
1109235000
1091835000
1090130000
1094905000
1099865000
1095890000
1091805000
1095335000
1108135000
1111360000
1090155000
1088710000
1098135000
1090755000
1088670000
1096075000
1097905000
1092630000
1102290000
1100395000
1091085000
1089795000
1089360000
1098610000
1112230000
1089995000
1090470000
1101675000
1092685000
1101465000
1101285000
1097900000
1098325000
1099415000
1106615000
1098190000
