./2022-12/wasm/onetimeauth7.wasm
8411445000
8389440000
8416960000
8383210000
8402745000
8390110000
8386590000
8395635000
8385680000
8389715000
8392960000
8396975000
8394035000
8401710000
8391695000
8395815000
8421810000
8401060000
8384210000
10014170000
8455455000
8395705000
8394515000
8400875000
8415110000
8428610000
8403525000
8393155000
8387035000
8413800000
8398380000
8390710000
8388050000
8397195000
8463475000
8387630000
8413465000
9002550000
12176260000
8445085000
8455790000
8420040000
8510595000
8559105000
8732675000
8439755000
8445180000
8576420000
10312595000
8764995000
9638405000
10772705000
11394160000
8544775000
8588020000
8522010000
8525260000
8566540000
8629635000
8502890000
8446630000
8512440000
8524260000
8543975000
8569310000
8527495000
8413030000
8761015000
8680415000
8544280000
8404635000
8534170000
8422400000
8423930000
8393560000
8407370000
8411490000
8383650000
8381635000
8392905000
8402060000
8390385000
8390350000
8434540000
8400020000
8391220000
8406430000
8385965000
8389470000
8401805000
8401970000
8421370000
8397720000
8418380000
8404305000
8401615000
8399515000
8397340000
8392645000
8397500000
