./2022-12/wasm/kdf.wasm
87060000
63580000
64895000
62350000
62155000
61515000
63165000
61545000
63015000
59270000
60450000
66875000
60830000
86160000
58260000
88665000
69760000
98275000
71180000
62245000
69330000
61290000
69655000
67050000
71565000
60870000
63930000
61565000
58455000
65470000
81935000
61100000
59150000
101475000
67200000
58720000
58820000
60165000
84075000
90535000
87760000
110495000
59295000
100745000
64765000
58750000
58230000
78920000
63435000
64870000
60785000
67895000
83160000
68990000
67705000
60180000
59875000
61745000
69990000
64410000
68965000
67135000
75415000
102380000
62435000
79050000
64980000
76935000
93650000
66470000
61235000
59530000
64085000
61035000
60930000
61675000
68995000
73295000
61760000
63775000
102510000
63555000
63085000
60700000
69270000
60730000
81475000
69930000
82185000
61635000
77180000
68430000
95685000
82590000
59535000
58855000
87870000
60175000
74605000
62055000
./2022-12/wasm/kdf_hkdf.wasm
2081390000
1918470000
1983835000
2200510000
2007335000
2156320000
2187230000
2049370000
2389840000
2169760000
2171835000
2127345000
2173260000
2240875000
2320315000
2078410000
2241730000
2087480000
1852995000
2180305000
2034080000
2232015000
2176320000
2095425000
2290735000
1953570000
2243660000
1968060000
2110345000
2261820000
2124950000
2008500000
2186605000
2278075000
1950445000
2126045000
2094665000
2284695000
2391745000
2138265000
2125520000
2109505000
2053120000
2351975000
2101785000
2306690000
1989175000
2445125000
2196390000
2126320000
2177940000
2272015000
1891600000
2280000000
2486915000
2221800000
2017465000
2247225000
1958860000
2133345000
2213165000
2216160000
2231920000
2273065000
2100415000
2177030000
1972235000
2207045000
2165810000
2011105000
2041140000
2338240000
2177705000
2120660000
2185115000
2129835000
2100835000
2114955000
2157425000
2100000000
1960300000
2186675000
2260890000
2032465000
2197970000
2208185000
2038710000
2044475000
2306880000
2212795000
2055565000
2052420000
2364190000
2145660000
2091625000
2089550000
2056825000
2145465000
2144295000
2320745000
