./2022-12/wasm/metamorphic.wasm
66710755000
66650435000
66622090000
66568630000
66582760000
66611400000
66633210000
66633085000
66603425000
66665860000
66697210000
66538385000
67026855000
66690380000
66755545000
66594505000
66609555000
66905805000
66704540000
66600330000
66605225000
66658625000
66703630000
66629820000
66648790000
66849570000
66597270000
66677530000
66629845000
66641925000
66586250000
66692895000
66890995000
66887765000
66618305000
66625090000
66681250000
66668675000
66585580000
66728155000
66668485000
66632320000
66626665000
66581265000
66700155000
66642710000
66648040000
66602280000
66692480000
66717250000
66665910000
66608095000
66841005000
66628890000
66700930000
66655295000
66601400000
66646160000
66585000000
66654385000
66636690000
66606570000
66661165000
66567830000
66577620000
66605245000
66656020000
66691575000
66623665000
66659485000
66607570000
66688215000
66622440000
66632650000
66550555000
66663835000
66659165000
66601855000
66652405000
66637030000
67794215000
66744080000
66589355000
66600850000
66654090000
66649665000
66628560000
66665495000
66640430000
66665840000
66743120000
66565685000
66684450000
66633365000
66688300000
66615125000
66663950000
66767970000
66617055000
66664995000
