./2022-12/wasm/metamorphic.wasm
34073705000
34288335000
34107245000
34169380000
34588340000
34176055000
34122830000
34109045000
34150850000
34101880000
34170720000
34153890000
34119945000
34461930000
34116640000
34229720000
34177860000
34082645000
34142590000
34138295000
34156535000
34124050000
34297005000
34116415000
34084405000
34144540000
34165710000
34231730000
34094220000
34150765000
34104490000
34093605000
34085260000
34086175000
34076650000
34183130000
34153875000
34384355000
34140135000
34171310000
34101150000
34194650000
34448225000
34232905000
34130280000
34221855000
34167920000
34108580000
34195655000
34117190000
34143805000
34112160000
34124515000
34124955000
34177240000
34126950000
34134160000
34074640000
34089520000
34156705000
34164110000
34127315000
34240520000
34274205000
34114945000
34244800000
34196930000
34104980000
34099345000
34502940000
34079075000
34392185000
34108580000
34108475000
34188010000
34059795000
34080245000
34133350000
34111145000
34109505000
34075270000
34131470000
34132205000
34138510000
34116790000
34091675000
34166420000
34146295000
34090435000
34131895000
34090800000
34182395000
34133430000
34148150000
34167305000
34227785000
34116595000
34386165000
34214445000
34241335000
