./2022-12/wasm/kdf.wasm
4038980000
4019020000
4009760000
4023220000
4033550000
4028615000
4031145000
4046470000
4024690000
4044205000
4028300000
4022290000
4039675000
4021905000
4032425000
4050365000
4027405000
4033825000
4031320000
4027510000
4020630000
4030970000
4041185000
4035745000
4033395000
4046580000
4031745000
4031305000
4034655000
4042835000
4028670000
4042320000
4023310000
4033975000
4036495000
4032010000
4042625000
4033055000
4022240000
4032480000
4031130000
4029940000
4039750000
4038095000
4034485000
4036835000
4015390000
4038495000
4026400000
4035365000
4025305000
4021390000
4030760000
4027750000
4165630000
4045955000
4063020000
4026640000
4012205000
4045770000
4027200000
4048150000
4025450000
4033580000
4031330000
4042570000
4030135000
4052230000
4025490000
4020500000
4030665000
4061790000
4065260000
4039455000
4036675000
4030035000
4037765000
4025715000
4029450000
4048735000
4026375000
4043180000
4019115000
4030465000
4049085000
4040685000
4054350000
4027985000
4058890000
4029805000
4066300000
4038770000
4031685000
4027725000
4029435000
4039990000
4044145000
4029205000
4027170000
4027950000
./2022-12/wasm/kdf_hkdf.wasm
150319520000
150423305000
150009100000
149725905000
150603050000
150988315000
150663315000
149787195000
149862265000
149755905000
150335065000
151042215000
150538510000
151077740000
149887915000
150720060000
151124265000
150533895000
149729455000
150472935000
150552570000
150090400000
150921740000
150375975000
149746290000
149598055000
151184365000
150564050000
150661335000
159531660000
150430985000
153134925000
149971175000
149783825000
149955275000
151014360000
150452315000
151112135000
150576310000
150604575000
149858470000
149869800000
150727495000
150765530000
151045475000
150795980000
150560975000
149669360000
149796800000
151051425000
151083695000
150327950000
149784195000
151098625000
150590520000
150663665000
151257065000
150481685000
152065705000
150795395000
151187845000
149956300000
151540755000
150427795000
150712135000
151155660000
150384090000
150604870000
150584360000
149755650000
150420185000
150470655000
149801885000
149586185000
150562500000
150839330000
150665840000
150322600000
150476855000
151395650000
151070085000
150469240000
150386145000
151194650000
149882710000
151046865000
150553590000
150397330000
150650730000
151276475000
150608465000
150472305000
150580640000
150938775000
150652320000
149756280000
151014110000
150576760000
150441635000
150452105000
