./2022-12/wasm/auth.wasm
6047510000
6378085000
6453435000
5884730000
5922030000
5926375000
5904345000
5902670000
5947235000
5921230000
5875425000
5910945000
5927850000
5902430000
5939020000
5910650000
5917425000
5935285000
5874990000
5946430000
./2022-12/wasm/auth2.wasm
300825000
301875000
304570000
303345000
299235000
300700000
299835000
301385000
305245000
301670000
302600000
299870000
299085000
301050000
301605000
301570000
300445000
304380000
298895000
306420000
./2022-12/wasm/auth3.wasm
603135000
601485000
622090000
610220000
616230000
607415000
608350000
605930000
606005000
604870000
600040000
609220000
618460000
609360000
606060000
610130000
605295000
604700000
609165000
613420000
./2022-12/wasm/auth5.wasm
3200028885000
3188495790000
3182178400000
3222889785000
3221069545000
3190282765000
3200317255000
3183206075000
3182866545000
3220889880000
3181808925000
3222390125000
3216684975000
3198956190000
3197825330000
3181607760000
3222811510000
3200680800000
3201437480000
3197299930000
./2022-12/wasm/auth6.wasm
473070000
471085000
474280000
470805000
472360000
472215000
475515000
470775000
469880000
474070000
470530000
471870000
470800000
470915000
469780000
476285000
469270000
473430000
470765000
470275000
./2022-12/wasm/auth7.wasm
1669147790000
1676284820000
1676911655000
1676823045000
1723487270000
1676964270000
1682289640000
1687068355000
1677655130000
1676738715000
1676762575000
1687613180000
1695537035000
1676576745000
1677717465000
1677044790000
1687437200000
1676772985000
1670757470000
1677184715000
