./2022-12/wasm/kx.wasm
8100460000
7474220000
8405055000
7708895000
7692935000
8373375000
8498505000
7708550000
7487140000
8319330000
7726475000
7826600000
7581990000
7693610000
7485940000
7466155000
7265890000
8196825000
7524040000
7302025000
7482090000
8019070000
8249185000
7396265000
7567790000
7420870000
8098075000
7885380000
7783465000
7700330000
8307265000
7824755000
8264030000
7848235000
7730250000
7936630000
7570995000
7688915000
7592465000
7810360000
7737420000
8299760000
7520515000
7463585000
7434060000
7757295000
7802880000
7519770000
7215280000
7551175000
7546485000
7558060000
8238650000
8122285000
8306220000
8297565000
7603645000
7632090000
7296080000
8139835000
8397765000
7834720000
7601565000
7263010000
8142340000
7395490000
7566080000
7633585000
7591945000
7582080000
7795055000
8261460000
8309310000
7745485000
7710365000
7331445000
7582755000
7652945000
7988245000
7631935000
7499180000
8223510000
7388395000
7939005000
7528530000
7580190000
8076620000
7884985000
8151795000
7398420000
7487700000
7600000000
7458110000
7563195000
7651745000
8023000000
8111365000
7681480000
7696120000
7348215000
