./2022-12/wasm/onetimeauth7.wasm
7195595000
7296265000
7407270000
7153385000
7358665000
7441805000
7200230000
7422560000
7724230000
7277175000
7132215000
7251555000
7319750000
7295965000
7536495000
7265745000
7375285000
7257880000
7148555000
7268535000
7445300000
7172370000
7682140000
7229240000
7157480000
7291395000
7214190000
7237180000
7790915000
7482260000
7579520000
7110915000
7537895000
7318570000
7658055000
7234180000
7189845000
7102240000
7358290000
7201865000
7234520000
7516175000
7201920000
7839110000
7174390000
7443675000
7307195000
7102400000
7249155000
7212955000
7650030000
7584475000
7591150000
7333335000
7206815000
7256930000
7246195000
7533615000
7380195000
7083965000
7317275000
7603480000
7270480000
7593445000
7308165000
7391350000
7210475000
7088985000
7138475000
7437745000
7318880000
7197215000
7301275000
7308035000
7224695000
7358525000
7078225000
7265895000
7511875000
7213250000
7265995000
7341015000
7768315000
7155195000
7256345000
7315550000
7103710000
7248625000
7103890000
7505905000
7100990000
7225605000
7551650000
7410380000
7463145000
7252380000
7203140000
7228020000
7210285000
7251030000
