./2022-12/wasm/kx.wasm
3359020000
3476285000
3390510000
3351885000
3362045000
3345305000
3398910000
3355035000
3391630000
3410755000
3399450000
3355595000
3406830000
3381040000
3374570000
3371475000
3408455000
3345500000
3368015000
3468730000
3396320000
3392940000
3406785000
3365225000
3358640000
3357980000
3414340000
3403135000
3382570000
3384245000
3358780000
3389835000
3401120000
3467885000
3374930000
3373080000
3381775000
3356060000
3358815000
3394940000
3380865000
3357280000
3372755000
3407900000
3354345000
3372105000
3386365000
3518370000
3383710000
3389055000
3367465000
3371895000
3382490000
3350640000
3390020000
3364915000
3386440000
3366815000
3351320000
3395515000
3358260000
3369595000
3367465000
3365575000
3443270000
3399070000
3370730000
3358055000
3370840000
3376775000
3354400000
3373075000
4421225000
3368530000
3358075000
3383540000
3397520000
3361185000
3357585000
3365300000
3357245000
3424330000
3379785000
3372145000
3354520000
3365395000
3372880000
3351445000
3406670000
3395335000
3392940000
3392430000
3383205000
3411810000
3428760000
3352680000
3352050000
3423745000
3407670000
3355915000
