./2022-12/wasm/auth.wasm
64535000
63950000
62560000
56315000
60900000
59115000
58180000
59485000
57655000
58255000
58550000
60385000
70870000
76680000
56640000
57755000
72845000
56150000
58085000
66565000
67290000
67005000
60915000
66240000
64270000
68040000
71715000
69380000
57885000
57365000
65040000
67430000
71445000
56490000
62175000
58780000
61300000
72840000
59990000
60160000
62195000
68440000
56385000
58145000
64170000
70715000
59555000
59690000
65520000
61210000
58070000
69120000
77310000
55845000
59440000
78580000
77170000
63105000
67025000
59190000
56880000
57710000
58070000
61585000
62220000
59615000
75425000
74135000
63635000
57990000
78865000
71155000
65240000
66225000
59925000
56250000
69720000
57800000
58445000
58415000
58515000
77190000
70030000
60885000
69500000
57750000
69740000
55485000
77260000
70635000
56145000
55820000
57385000
58290000
60645000
64620000
62025000
56270000
56475000
56780000
./2022-12/wasm/auth2.wasm
4285000
4265000
4165000
4295000
4505000
4595000
4255000
4420000
4330000
4455000
4440000
4730000
4150000
4560000
4530000
4915000
4435000
4365000
4460000
4485000
4555000
4545000
4130000
4485000
4530000
4420000
4980000
4385000
4500000
4530000
4120000
4070000
4705000
4480000
4450000
4395000
4530000
4430000
4520000
4465000
4560000
4490000
4140000
4325000
4530000
4430000
4485000
4570000
4520000
4770000
4565000
4510000
4470000
4760000
4725000
4800000
4440000
4560000
4445000
4420000
4460000
4490000
4470000
4500000
4380000
4590000
4375000
4470000
4700000
4530000
4700000
4505000
4480000
4515000
4440000
4700000
4370000
4425000
4440000
6775000
4620000
4280000
4590000
4655000
4740000
4555000
4240000
4450000
4340000
5275000
4670000
4630000
4325000
4285000
4425000
4655000
4675000
4480000
4570000
4315000
./2022-12/wasm/auth3.wasm
9275000
9470000
10315000
8050000
9400000
9000000
9040000
8690000
9190000
8925000
9090000
7965000
8985000
8930000
9060000
9195000
9115000
8615000
8610000
9040000
9045000
9435000
8130000
8670000
8765000
8995000
8610000
9020000
8985000
8885000
9390000
9060000
9380000
9170000
9015000
9555000
9015000
7530000
10610000
9225000
8515000
9125000
9290000
9570000
8900000
9050000
8975000
9060000
9065000
9505000
9335000
9435000
9145000
8400000
7835000
8135000
9450000
8840000
8645000
9115000
8125000
9590000
9350000
8980000
9180000
9125000
9100000
9330000
8050000
9110000
9070000
9175000
9610000
8725000
9530000
8245000
9195000
8785000
9035000
9295000
9360000
5680000
5510000
5505000
5500000
5505000
5510000
5500000
5515000
5510000
6100000
5505000
5500000
5510000
5525000
9320000
5530000
5520000
5785000
5595000
./2022-12/wasm/auth5.wasm
28657670000
28571255000
28596630000
28542760000
28548290000
28516020000
28547560000
28583545000
28571245000
28552255000
28549745000
28712680000
28627910000
28595780000
28563370000
28556595000
28579260000
28555895000
28543195000
29948325000
28750455000
28743055000
28558865000
28535185000
28545505000
28581670000
28832530000
28568420000
28591135000
28563820000
28587550000
28557040000
28583250000
28559135000
28606920000
28629810000
28541385000
28625620000
29841970000
28608455000
28621490000
28656565000
29268035000
28554735000
28622775000
28567915000
28549870000
28549270000
28572305000
28543930000
28543085000
28713980000
28574705000
28597835000
28536220000
28570500000
28547775000
28646640000
28615670000
28543690000
28568845000
28582805000
28663135000
28617640000
28567540000
28676040000
28539700000
28580080000
28605025000
28555590000
28582275000
28588020000
28607665000
28550610000
28587515000
28551795000
28555205000
28583350000
28567580000
28609045000
30831640000
28601640000
28664210000
28567360000
33055560000
28593035000
28562405000
28597560000
28676850000
28654220000
28566975000
28532310000
28572190000
28568205000
28574950000
28549645000
28548140000
28673170000
28571135000
28719610000
./2022-12/wasm/auth6.wasm
6680000
6555000
7320000
6850000
6700000
6295000
6750000
6790000
6510000
6660000
6705000
6975000
6635000
6685000
6790000
6775000
6600000
6735000
6810000
6965000
6695000
7305000
6600000
6725000
7135000
6690000
6775000
6750000
6735000
6705000
6700000
6485000
7145000
6970000
7210000
6895000
6615000
7005000
6920000
6890000
7215000
7000000
6985000
6940000
6910000
7220000
6805000
6755000
7160000
6880000
6905000
7250000
6900000
7010000
6905000
6690000
6930000
6960000
6910000
6825000
6905000
6790000
6740000
6810000
6585000
6930000
6950000
6315000
6925000
6935000
7310000
7010000
6655000
6765000
6955000
7060000
6960000
6950000
6855000
6945000
6885000
6915000
6870000
7215000
7125000
6955000
6570000
6945000
6955000
6885000
6910000
6875000
6965000
7045000
6970000
6900000
7015000
6975000
6970000
6920000
./2022-12/wasm/auth7.wasm
14746115000
14680580000
14635365000
14677395000
14622425000
14624410000
14645620000
14654055000
14645590000
14627895000
14641695000
14661590000
14690815000
14644975000
14643040000
14687265000
14639035000
14647130000
14631645000
14648955000
14644240000
14901535000
14642935000
14658045000
14640655000
14648730000
14952820000
14631970000
14636730000
14617140000
14649685000
14646990000
14690835000
14652455000
14651025000
14651580000
14650995000
14677610000
14655845000
14639125000
14671325000
14636035000
14662785000
14668620000
14678580000
14648150000
14648515000
14647735000
14654355000
14662515000
14638315000
14629215000
14649120000
14651880000
14866645000
14638840000
14687225000
14653820000
14915050000
14643495000
14636345000
14674920000
14632225000
14630630000
14656760000
14638200000
14669540000
14645750000
14636430000
14634495000
14653965000
14636345000
14630520000
14674545000
14650895000
14631550000
14686280000
14646790000
14646970000
14662505000
14661650000
14666920000
14649080000
14623060000
14639745000
14657275000
14635520000
14637765000
14629955000
14639750000
14649275000
14647275000
14647845000
14657700000
14634550000
14658825000
14647365000
14653695000
14634635000
14635675000
