./2022-12/wasm/kx.wasm
2852205000
2847385000
2848755000
2846230000
2841475000
2879495000
2851470000
2848465000
2848505000
2859215000
2842325000
2839920000
2849470000
2843805000
2841620000
2837750000
2845220000
2860600000
2857570000
2849155000
2866380000
2839660000
2844485000
2849250000
2849945000
2856445000
2848005000
2851330000
2851510000
2838755000
2838160000
2846565000
2867400000
2848900000
2856565000
2845325000
2852400000
2851395000
2848140000
2849530000
2858005000
2844175000
2841580000
2854340000
2839600000
2849485000
2841230000
2851915000
2864900000
2852505000
2849625000
2860545000
2859600000
2847845000
2847150000
2838990000
2854445000
2850915000
2852610000
2861005000
2848320000
2844130000
2849460000
2850545000
2839580000
2840685000
2871135000
2844125000
2855805000
2861310000
2843520000
2841800000
2849060000
2851170000
2853370000
2852690000
2851715000
2850775000
2851205000
2853560000
2847445000
2848610000
2841180000
2841040000
2850545000
2860610000
2842330000
2846460000
2847960000
2850830000
2848110000
2850695000
2841060000
2847255000
2840500000
2846660000
2855100000
2842120000
2850855000
2850635000
