./2022-12/wasm/auth.wasm
48940000
48255000
48380000
48795000
48395000
48395000
48810000
48570000
48325000
48660000
48525000
48345000
48405000
48685000
48615000
48270000
48810000
49305000
48365000
48400000
48850000
48610000
48770000
49305000
48465000
48925000
48530000
49110000
48980000
48415000
48265000
48935000
48385000
48950000
49360000
48495000
48400000
48705000
48380000
48425000
48295000
48590000
48475000
48290000
50045000
48530000
49010000
50200000
48435000
48415000
48570000
49205000
49005000
48650000
48520000
48590000
48385000
48280000
49215000
49260000
48400000
51945000
54340000
48430000
48390000
48675000
49050000
48300000
48525000
48385000
48420000
48395000
48635000
48560000
48380000
49775000
50410000
48970000
48400000
48390000
48490000
48945000
49070000
48340000
48290000
48450000
49000000
48515000
48345000
48530000
48395000
48350000
49510000
48340000
48440000
48375000
48385000
48580000
48510000
48650000
./2022-12/wasm/auth2.wasm
2555000
2520000
2515000
2520000
2525000
2535000
2535000
2530000
2515000
2520000
2525000
2540000
2540000
2515000
2525000
2515000
2530000
2545000
2525000
2520000
2535000
2535000
2530000
2525000
2525000
2525000
3060000
2525000
2515000
2525000
2525000
2520000
2530000
2530000
2520000
2660000
2565000
2610000
2525000
2530000
2520000
2525000
2540000
2530000
2535000
2545000
2525000
2525000
2525000
2540000
2520000
2515000
2525000
2525000
2550000
2540000
2590000
2540000
2615000
2535000
2515000
2530000
2540000
2515000
2520000
2515000
2525000
2530000
2525000
2525000
2545000
2540000
2520000
2520000
3965000
2530000
2660000
2540000
2515000
2525000
2530000
2535000
2530000
2540000
2515000
3185000
2530000
2525000
2520000
2530000
2530000
2525000
2845000
2520000
2515000
2530000
2545000
2520000
2515000
2540000
./2022-12/wasm/auth3.wasm
5110000
5585000
5095000
5100000
5105000
5110000
5085000
5095000
5085000
5140000
5150000
5150000
5090000
5085000
5100000
5100000
5090000
5100000
5085000
5090000
5100000
5100000
5085000
5125000
5095000
5080000
5085000
5085000
5095000
5085000
5100000
5095000
5115000
5160000
5145000
5085000
5085000
5100000
5085000
5095000
5145000
5130000
5090000
5085000
5090000
5265000
5095000
5095000
5135000
5675000
5095000
5090000
5085000
5090000
5485000
5225000
5090000
5145000
5140000
5090000
5085000
5735000
5090000
5155000
5100000
5445000
5095000
5135000
5095000
5390000
5085000
5090000
5095000
5090000
5130000
5155000
5085000
5105000
5085000
5100000
5100000
5150000
5090000
5130000
5095000
5100000
5145000
5130000
5090000
5645000
5100000
5120000
5085000
5085000
5080000
5480000
5095000
5080000
5085000
5090000
./2022-12/wasm/auth5.wasm
26530680000
26469910000
26463405000
26492040000
26498665000
27681775000
26459370000
26514285000
26494175000
26501020000
26461820000
26466040000
26486435000
26459600000
26481020000
26467825000
26481955000
26456605000
26457070000
26608145000
26480195000
26459230000
26467650000
26453425000
26535845000
26493180000
26483860000
26557300000
26488705000
26489480000
26483750000
26527900000
26511475000
26482510000
26445145000
26483665000
26460285000
26456095000
26459305000
26573145000
26447490000
26460670000
26473940000
26583815000
26456620000
26479135000
26477215000
26456060000
26456535000
26483810000
26473630000
26450895000
26482375000
26469500000
26485155000
26449520000
26442995000
26453075000
26451440000
26478740000
26477470000
26465875000
26473995000
26431005000
26460990000
26512500000
26477020000
26560640000
26474065000
26491990000
26452675000
26466495000
26511020000
26488250000
26475160000
26489140000
26462560000
26593785000
26464210000
26454515000
26452350000
26468695000
26475585000
26459505000
26493720000
26462835000
26456965000
26470360000
26548245000
26446510000
26477810000
26464300000
26480445000
26470080000
26479175000
26470175000
26463970000
26527960000
26479615000
26521030000
./2022-12/wasm/auth6.wasm
3960000
3925000
3945000
3915000
3935000
3920000
3935000
3995000
3925000
3915000
3925000
3915000
3930000
3955000
3945000
3930000
3925000
3935000
3920000
3940000
3925000
3950000
3915000
3945000
3945000
3920000
3935000
3945000
3925000
3930000
3940000
3925000
3945000
3925000
3925000
3920000
3950000
3935000
3920000
3980000
3920000
3925000
3935000
6525000
3940000
3940000
3925000
3955000
3940000
3980000
3970000
3925000
3930000
3920000
3925000
3945000
3920000
3945000
3930000
4295000
3915000
3920000
3925000
3925000
3930000
3925000
3925000
3945000
3920000
3935000
3930000
3930000
4175000
3925000
3975000
3915000
3915000
3915000
5455000
3930000
3920000
3935000
3925000
3935000
3920000
4000000
3925000
4120000
3925000
3925000
3920000
3930000
3930000
3930000
4440000
3920000
3985000
3915000
3935000
3950000
./2022-12/wasm/auth7.wasm
13848180000
13817210000
13819215000
13821265000
13822375000
13806910000
13809855000
13811860000
13805445000
13828440000
13818920000
13831630000
13840870000
13827445000
13824860000
13825735000
13819855000
13824960000
13829410000
13824430000
13819795000
13814960000
13801165000
13831030000
13825150000
13871630000
13797925000
13809415000
13824225000
13819030000
13810415000
13806820000
13826985000
13836600000
13805880000
13905725000
14075840000
13828985000
13806920000
13838690000
13838370000
13818080000
13809710000
13828625000
13823050000
13823110000
13845360000
13820500000
13823685000
13814710000
13834575000
13808495000
13815505000
13818235000
13829115000
13829480000
13808955000
13812525000
13851910000
13810440000
13823810000
13829240000
14751270000
13823305000
13829700000
13814345000
13820495000
13814370000
13935120000
13817165000
13845185000
13847525000
13820630000
13813565000
13915585000
13809840000
13811575000
13815580000
13829925000
13847050000
13821900000
13833460000
13817530000
13829195000
13848195000
13816065000
13834870000
13808845000
13869205000
13943180000
13827170000
13820630000
13819760000
13817555000
13813345000
13818820000
13823340000
13902485000
13830415000
13816045000
