./2022-12/wasm/aead_aegis128l.wasm
14346875000
14238485000
14242290000
14256545000
14234730000
14240200000
14232480000
14252355000
14266020000
14267655000
14259720000
14255010000
14242035000
14234415000
14245765000
14214050000
14225140000
14247690000
14236250000
14227325000
14231530000
14220245000
14224925000
14239020000
14243330000
14232570000
14232540000
14240370000
14229760000
14255330000
14245280000
14229405000
14229750000
14233475000
14232120000
14259690000
14241285000
14263430000
14244420000
14272075000
14243585000
14241610000
14235125000
14231485000
14237335000
14207060000
14251120000
14240530000
14231290000
14262650000
14269165000
14225415000
14239685000
14246255000
14243705000
14243275000
14216635000
14268245000
14247290000
14215020000
14223440000
14244950000
14228210000
14266745000
14254680000
14251770000
14256630000
14233680000
14244135000
14233765000
14281485000
14255120000
14274360000
14231495000
14250500000
14266615000
14251420000
14248225000
14229235000
14242860000
14264480000
14243460000
14259240000
14233020000
14232655000
14252035000
14224245000
14252245000
14288805000
14254165000
14234550000
14292465000
14240750000
14265000000
14252510000
14242410000
14235990000
14239375000
14248995000
14236145000
./2022-12/wasm/aead_aegis256.wasm
15897515000
15913820000
15930585000
15898330000
15898095000
15928295000
15947310000
15924280000
15911010000
15922990000
15918350000
15896985000
15897285000
15918940000
16344025000
15934050000
15920450000
15921705000
15941680000
15938150000
15924275000
15916865000
15905670000
15937210000
15904725000
15911960000
15915020000
15894905000
15928025000
15919185000
15893185000
15907135000
15912450000
15904420000
15905140000
15909125000
15917750000
15922695000
15931795000
15890305000
15929540000
15899045000
15905780000
15910335000
15905110000
15911235000
15908940000
15910770000
15926420000
15933175000
15930215000
15915415000
15926730000
15934585000
15910700000
15902015000
15901440000
15936275000
15914295000
15924335000
15920890000
15918870000
15908940000
15930070000
15919985000
15933260000
15938185000
15916305000
15920455000
15915145000
15901900000
15917785000
15916745000
15945610000
15925520000
15906390000
15925540000
15919945000
15937525000
15925325000
16060700000
15928205000
15898175000
15919180000
15914690000
15894910000
15914150000
15903810000
15919915000
15907085000
15904445000
16003515000
15919405000
15914155000
15891275000
15905640000
15904770000
15896910000
15947525000
15927405000
./2022-12/wasm/aead_chacha20poly1305.wasm
146475000
143220000
144140000
144835000
143545000
144930000
144760000
144140000
142830000
144225000
144095000
142090000
150915000
142870000
143580000
144070000
143230000
145190000
142920000
142460000
144625000
143855000
152835000
144225000
144085000
144580000
141950000
142830000
142485000
144050000
143260000
143465000
144575000
143550000
143030000
141700000
142165000
144335000
143290000
141495000
146250000
143315000
141500000
143350000
143220000
143805000
144550000
144375000
142125000
143230000
143120000
141700000
143815000
160690000
142790000
141280000
141900000
143225000
143060000
142270000
142940000
141800000
143265000
142510000
143085000
141460000
141920000
142950000
143870000
142005000
141655000
143495000
145270000
145300000
143970000
142160000
150140000
147480000
144175000
143045000
149380000
143595000
143045000
142780000
143390000
142440000
143195000
141300000
141880000
142945000
143300000
142085000
144095000
142765000
145515000
142500000
148360000
141950000
141295000
143160000
./2022-12/wasm/aead_chacha20poly13052.wasm
268075000
257505000
256765000
255955000
254930000
255335000
256665000
254355000
256070000
258740000
254960000
256295000
254845000
257670000
257385000
255345000
257925000
255705000
260010000
257540000
254700000
255505000
254855000
255635000
254805000
255810000
254890000
257210000
255085000
254340000
256615000
255330000
256255000
253905000
263370000
255250000
255175000
255375000
254435000
253915000
255410000
261575000
257090000
254830000
256160000
254955000
255625000
255105000
263680000
254950000
255135000
255885000
254660000
262105000
254205000
254470000
255235000
258855000
254815000
256775000
258220000
254870000
264155000
254490000
253825000
256225000
254765000
257210000
254505000
257685000
256250000
258595000
253810000
259055000
257325000
254140000
256030000
254505000
256070000
254640000
254755000
254655000
254795000
264300000
255300000
257755000
256945000
259765000
254850000
259140000
262165000
254210000
256500000
254565000
256610000
254620000
254765000
256365000
254980000
259100000
./2022-12/wasm/aead_xchacha20poly1305.wasm
134965000
134870000
134595000
134695000
134640000
134930000
138485000
134955000
135045000
134320000
152350000
134645000
134520000
135575000
134105000
134685000
134650000
134470000
135240000
134825000
135400000
137730000
135665000
139455000
134450000
134500000
134550000
133970000
134055000
134485000
134580000
134850000
135600000
134255000
137335000
136055000
136570000
139035000
137905000
134760000
134510000
135070000
144545000
134860000
135790000
136470000
136160000
136870000
137565000
135680000
137390000
134360000
134180000
133850000
134790000
134325000
134675000
134815000
135715000
138330000
136175000
135655000
137870000
163940000
134350000
134700000
134790000
134790000
135910000
134685000
136415000
135700000
140180000
136980000
134555000
134650000
134670000
135570000
136275000
135995000
136075000
138520000
136330000
136870000
136115000
138455000
134550000
134930000
135385000
134630000
134195000
135305000
134600000
137875000
136175000
138575000
136235000
134550000
134685000
134370000
