./2022-12/wasm/metamorphic.wasm
3536181785000
3535248880000
3627058305000
3550689195000
3541152860000
3528001060000
3550248965000
3526156855000
3525763385000
3536788005000
3538431235000
3553755740000
3543243035000
3526949760000
3539935225000
3530021715000
3526463035000
3528660620000
3546134795000
3538080305000
3569619960000
3552043995000
3552188315000
3533539890000
3555620030000
3527949955000
3572348415000
3535689395000
3550557115000
3553095460000
3548456195000
3533791760000
3536962395000
3529957285000
3528997010000
3537434470000
3554124660000
3536304970000
3553866220000
3529279045000
3538577735000
3553174005000
3550537560000
3553680675000
3556470810000
3553732500000
3536318190000
3526100000000
3536918390000
3542941265000
3540931695000
3541029225000
3535563005000
