./2022-12/wasm/generichash.wasm
938175000
927075000
947150000
932290000
955005000
930655000
926290000
931770000
942775000
939595000
942765000
925895000
933290000
942580000
937790000
927025000
936030000
928105000
936635000
940235000
958255000
930440000
945260000
926830000
930895000
973545000
974865000
926085000
932865000
942495000
945430000
927510000
941910000
928695000
939595000
932570000
930050000
934210000
950065000
936525000
937185000
936060000
937050000
937850000
940165000
932875000
930830000
945390000
927150000
947135000
944865000
939850000
924445000
937905000
935000000
927075000
940455000
947585000
932880000
946865000
940285000
931885000
936475000
930405000
947665000
926875000
927035000
931370000
926245000
928225000
934640000
929105000
931735000
946220000
927600000
951770000
928810000
930080000
946690000
932765000
931555000
935135000
944085000
925870000
928115000
940575000
925995000
932825000
938155000
929475000
934500000
931755000
933050000
934590000
985035000
928195000
940005000
944175000
934060000
936645000
./2022-12/wasm/generichash2.wasm
117350000
124935000
109755000
120165000
120215000
112100000
109630000
133650000
109820000
108660000
115805000
120105000
112470000
123765000
118940000
108540000
127820000
116760000
114985000
121935000
111635000
110025000
130435000
125580000
110085000
127635000
128095000
109335000
113805000
127070000
130210000
112580000
118295000
124105000
118425000
109445000
113525000
112125000
108665000
114210000
113060000
116775000
123645000
121945000
120265000
114385000
120090000
111180000
113445000
110075000
120090000
109580000
108510000
125035000
123820000
114360000
119365000
117620000
126960000
121990000
130735000
114910000
120560000
119950000
109620000
121350000
118970000
117365000
115270000
121745000
108090000
110415000
123690000
113255000
112500000
111340000
115965000
113635000
121710000
143320000
112200000
135415000
109215000
128570000
118390000
114720000
110310000
116705000
123620000
113690000
108460000
113620000
110125000
116770000
117795000
124095000
108920000
109385000
120630000
108825000
./2022-12/wasm/generichash3.wasm
121680000
117315000
114470000
108065000
115545000
109870000
118705000
120605000
110350000
111225000
108040000
118890000
128420000
110785000
109475000
106700000
109865000
105715000
123420000
125170000
121080000
119730000
106565000
108665000
125415000
115500000
126605000
117690000
108960000
111010000
109220000
121885000
113250000
121480000
116245000
121480000
115335000
109160000
112930000
124295000
123945000
106585000
110715000
106220000
109510000
118505000
125025000
109415000
107405000
117975000
127090000
115025000
110305000
106360000
118335000
114370000
113440000
105495000
107400000
121295000
109410000
109805000
114010000
117580000
107730000
119815000
110690000
109795000
109310000
109305000
112375000
117320000
109355000
108585000
122185000
117485000
119740000
113435000
122845000
121395000
125220000
115110000
110985000
109200000
111390000
119670000
119575000
114205000
120550000
109515000
108380000
108130000
114565000
117360000
113760000
111410000
108365000
114380000
105745000
109700000
