./2022-12/wasm/kx.wasm
3804480000
3793705000
3822500000
3799570000
4036600000
3808785000
3788195000
3801095000
3772950000
3789320000
3779600000
3795555000
3783850000
3789675000
3776315000
3778860000
3792585000
3803660000
3776215000
3772540000
3772655000
3787105000
3787380000
3792545000
3776870000
3771435000
3789965000
3779800000
3770475000
3787885000
3780735000
3767105000
3781455000
3771950000
3781930000
3768510000
3771135000
3843190000
3821635000
3791955000
3787155000
3809380000
3779605000
3794620000
3768815000
3783255000
3790865000
3781480000
3785850000
3774650000
3793085000
3787515000
3776435000
3763485000
4736490000
3819715000
3787090000
3812995000
3775995000
3763775000
3771660000
3762135000
3769430000
3769685000
3775150000
3783655000
3781770000
3762060000
3790980000
3772560000
3790770000
3761415000
3783370000
3784195000
3823785000
3762605000
3784610000
3782735000
4144285000
4512700000
3776445000
3793800000
3771565000
3797285000
3789685000
3799305000
3829830000
3792000000
3773985000
3789290000
3761590000
3790525000
3772120000
3787645000
3780200000
3780490000
3778465000
3822815000
3954860000
3826925000
