./2022-12/wasm/aead_aegis128l.wasm
1044274890000
1042298990000
1043457565000
1043301405000
1046111340000
1045895345000
1046907295000
1043483360000
1043564790000
1047316960000
1042202010000
1047454030000
1043608310000
1043534610000
1044791485000
1042216845000
1043777165000
1044308735000
1043884230000
1044100075000
./2022-12/wasm/aead_aegis256.wasm
1156750305000
1156240420000
1156338510000
1157740015000
1157872905000
1162242145000
1159456350000
1160214045000
1157243785000
1163086950000
1157516520000
1157864190000
1156636375000
1158462930000
1155700510000
1160737810000
1158106575000
1156772920000
1155629395000
1155534590000
./2022-12/wasm/aead_chacha20poly1305.wasm
21095870000
21035625000
21093205000
21164755000
21196765000
21123325000
21061655000
21150035000
21082685000
21076355000
21209230000
21180565000
21112880000
21135925000
21135990000
21114875000
21397780000
21179760000
21166745000
21113405000
./2022-12/wasm/aead_chacha20poly13052.wasm
41851075000
41833175000
41647145000
41824650000
41866545000
41811630000
41593170000
41670860000
41860040000
41911505000
41507615000
41974245000
41940530000
41682650000
41852420000
41609365000
41726265000
41624565000
41465090000
41680165000
./2022-12/wasm/aead_xchacha20poly1305.wasm
21067410000
21137435000
21056075000
21161915000
21098580000
21073675000
21047425000
21120165000
21128020000
21110735000
21085815000
21086140000
21140520000
21133670000
21104760000
21113705000
21091305000
21131960000
21251205000
21096710000
